# address to addend+multiplicative factor LUT
# maps 12 bits to 18 bits
# 18 bits = (addend<<10) + multiplier)
# addend is signed 8 bits, multiplier is 10 bits
# anything after # is ignored with the exception of the header
# the header is first valid line starting with #<header> versionStr nrBitsAddress nrBitsData </header>
#<header> v1 12 18 </header>
0 512  # compresses ieta bin 0, pt 0
1 16383
2 15359
3 16383
4 16383
5 16383
6 15359
7 15359
8 15359
9 14335
10 14335
11 14335
12 14335
13 13311
14 12287
15 12287
16 10239
17 10239
18 8191
19 8191
20 4095
21 4095
22 2047
23 1010
24 1004
25 994
26 986
27 981
28 973
29 966
30 959
31 957
32 943
33 937
34 929
35 922
36 912
37 910
38 901
39 893
40 888
41 881
42 880
43 874
44 868
45 865
46 858
47 856
48 853
49 845
50 839
51 834
52 827
53 819
54 810
55 809
56 806
57 804
58 804
59 802
60 799
61 798
62 788
63 796
64 512  # compresses ieta bin 1, pt 0
65 16383
66 14335
67 15359
68 15359
69 15359
70 15359
71 14335
72 14335
73 14335
74 13311
75 13311
76 13311
77 12287
78 12287
79 11263
80 9215
81 9215
82 7167
83 7167
84 4095
85 3071
86 2045
87 1010
88 999
89 994
90 985
91 981
92 973
93 966
94 959
95 953
96 943
97 933
98 929
99 919
100 909
101 906
102 898
103 890
104 888
105 878
106 878
107 874
108 868
109 863
110 857
111 853
112 851
113 843
114 839
115 832
116 825
117 819
118 810
119 812
120 809
121 806
122 804
123 802
124 801
125 800
126 787
127 790
128 512  # compresses ieta bin 2, pt 0
129 17407
130 16383
131 17407
132 17407
133 17407
134 16383
135 16383
136 16383
137 15359
138 15359
139 15359
140 15359
141 14335
142 13311
143 13311
144 11263
145 10239
146 9215
147 8191
148 5119
149 4095
150 2047
151 1010
152 1004
153 994
154 990
155 982
156 978
157 967
158 964
159 957
160 947
161 937
162 929
163 922
164 912
165 910
166 901
167 893
168 889
169 881
170 880
171 877
172 871
173 865
174 860
175 856
176 853
177 845
178 841
179 834
180 827
181 821
182 817
183 814
184 810
185 807
186 806
187 803
188 802
189 801
190 788
191 791
192 512  # compresses ieta bin 3, pt 0
193 17407
194 16383
195 17407
196 17407
197 18431
198 17407
199 17407
200 16383
201 17407
202 16383
203 16383
204 16383
205 15359
206 14335
207 14335
208 12287
209 12287
210 10239
211 10239
212 6143
213 6143
214 4095
215 1016
216 1010
217 1000
218 995
219 987
220 983
221 975
222 968
223 966
224 955
225 945
226 937
227 930
228 919
229 917
230 908
231 899
232 898
233 887
234 886
235 882
236 874
237 870
238 862
239 858
240 856
241 847
242 843
243 836
244 829
245 821
246 817
247 815
248 810
249 807
250 806
251 803
252 802
253 801
254 788
255 791
256 512  # compresses ieta bin 4, pt 0
257 19455
258 18431
259 18431
260 18431
261 19455
262 18431
263 18431
264 17407
265 18431
266 17407
267 17407
268 17407
269 16383
270 15359
271 15359
272 13311
273 13311
274 11263
275 11263
276 8191
277 7167
278 5119
279 2047
280 1021
281 1011
282 1006
283 996
284 988
285 980
286 973
287 970
288 955
289 949
290 941
291 933
292 923
293 920
294 914
295 906
296 901
297 893
298 892
299 885
300 879
301 876
302 870
303 865
304 862
305 853
306 847
307 840
308 833
309 827
310 822
311 820
312 815
313 812
314 812
315 809
316 806
317 805
318 791
319 784
320 512  # compresses ieta bin 5, pt 0
321 20479
322 19455
323 19455
324 19455
325 19455
326 19455
327 19455
328 18431
329 18431
330 18431
331 17407
332 17407
333 16383
334 16383
335 15359
336 13311
337 13311
338 12287
339 11263
340 8191
341 8191
342 6143
343 3071
344 1022
345 1016
346 1011
347 1001
348 993
349 985
350 977
351 974
352 959
353 953
354 945
355 937
356 926
357 924
358 914
359 906
360 904
361 893
362 892
363 888
364 881
365 876
366 870
367 865
368 862
369 853
370 847
371 840
372 833
373 827
374 822
375 820
376 817
377 812
378 812
379 809
380 806
381 805
382 791
383 784
384 512  # compresses ieta bin 6, pt 0
385 20479
386 19455
387 19455
388 19455
389 19455
390 19455
391 19455
392 18431
393 18431
394 18431
395 17407
396 17407
397 17407
398 16383
399 15359
400 13311
401 13311
402 12287
403 11263
404 8191
405 8191
406 6143
407 3071
408 1022
409 1016
410 1011
411 1001
412 993
413 985
414 977
415 974
416 959
417 953
418 945
419 937
420 926
421 924
422 914
423 906
424 904
425 896
426 892
427 888
428 881
429 878
430 870
431 865
432 862
433 856
434 849
435 840
436 833
437 828
438 822
439 820
440 817
441 813
442 812
443 809
444 806
445 805
446 791
447 784
448 512  # compresses ieta bin 7, pt 0
449 20479
450 19455
451 19455
452 19455
453 20479
454 19455
455 19455
456 18431
457 18431
458 18431
459 17407
460 17407
461 17407
462 16383
463 16383
464 13311
465 13311
466 12287
467 11263
468 8191
469 8191
470 6143
471 3071
472 1022
473 1016
474 1011
475 1001
476 993
477 985
478 978
479 974
480 964
481 953
482 945
483 937
484 926
485 924
486 917
487 909
488 904
489 896
490 895
491 888
492 881
493 878
494 870
495 865
496 862
497 856
498 849
499 840
500 833
501 828
502 822
503 820
504 817
505 813
506 812
507 809
508 806
509 805
510 791
511 782
512 512  # compresses ieta bin 8, pt 0
513 20479
514 19455
515 20479
516 19455
517 20479
518 20479
519 20479
520 19455
521 19455
522 19455
523 18431
524 18431
525 18431
526 18431
527 17407
528 15359
529 15359
530 14335
531 13311
532 10239
533 10239
534 8191
535 4095
536 3071
537 1021
538 1012
539 1006
540 994
541 989
542 982
543 975
544 964
545 957
546 949
547 941
548 930
549 924
550 917
551 909
552 904
553 896
554 895
555 888
556 881
557 878
558 870
559 865
560 862
561 856
562 849
563 842
564 835
565 828
566 824
567 820
568 817
569 813
570 812
571 809
572 808
573 806
574 793
575 783
576 512  # compresses ieta bin 9, pt 0
577 23551
578 22527
579 23551
580 23551
581 24575
582 22527
583 22527
584 21503
585 21503
586 21503
587 20479
588 20479
589 19455
590 18431
591 18431
592 16383
593 16383
594 15359
595 15359
596 13311
597 12287
598 11263
599 8191
600 7167
601 5119
602 4095
603 2047
604 1012
605 1003
606 995
607 992
608 980
609 970
610 964
611 956
612 944
613 941
614 934
615 925
616 922
617 914
618 909
619 902
620 895
621 891
622 890
623 884
624 881
625 873
626 866
627 855
628 852
629 844
630 840
631 837
632 833
633 829
634 828
635 825
636 823
637 820
638 807
639 797
640 512  # compresses ieta bin 10, pt 0
641 24575
642 23551
643 24575
644 25599
645 26623
646 24575
647 23551
648 24575
649 23551
650 23551
651 22527
652 22527
653 21503
654 20479
655 20479
656 18431
657 18431
658 17407
659 16383
660 14335
661 13311
662 12287
663 8191
664 7167
665 5119
666 4095
667 2047
668 1012
669 1003
670 995
671 992
672 980
673 970
674 964
675 956
676 948
677 944
678 937
679 931
680 925
681 917
682 915
683 907
684 900
685 896
686 893
687 889
688 885
689 877
690 870
691 861
692 857
693 850
694 843
695 840
696 836
697 832
698 831
699 828
700 826
701 824
702 811
703 802
704 512  # compresses ieta bin 11, pt 0
705 25599
706 25599
707 26623
708 26623
709 27647
710 26623
711 25599
712 25599
713 25599
714 25599
715 24575
716 24575
717 22527
718 21503
719 21503
720 19455
721 19455
722 18431
723 18431
724 15359
725 15359
726 14335
727 11263
728 9215
729 8191
730 6143
731 5119
732 2047
733 1018
734 1013
735 1009
736 997
737 986
738 980
739 971
740 958
741 958
742 947
743 940
744 934
745 925
746 923
747 915
748 908
749 904
750 900
751 894
752 892
753 884
754 876
755 867
756 863
757 855
758 850
759 847
760 842
761 838
762 837
763 833
764 833
765 830
766 818
767 809
768 512  # compresses ieta bin 12, pt 0
769 29695
770 28671
771 29695
772 28671
773 30719
774 29695
775 28671
776 29695
777 29695
778 28671
779 27647
780 28671
781 26623
782 25599
783 24575
784 22527
785 23551
786 22527
787 21503
788 19455
789 18431
790 17407
791 14335
792 12287
793 11263
794 9215
795 8191
796 5119
797 2047
798 1022
799 1018
800 1006
801 994
802 988
803 978
804 966
805 964
806 954
807 947
808 943
809 937
810 932
811 924
812 916
813 912
814 910
815 903
816 901
817 892
818 886
819 879
820 874
821 866
822 860
823 857
824 852
825 847
826 847
827 843
828 841
829 839
830 827
831 818
832 512  # compresses ieta bin 13, pt 0
833 30719
834 29695
835 30719
836 30719
837 31743
838 31743
839 30719
840 31743
841 31743
842 30719
843 29695
844 30719
845 29695
846 28671
847 27647
848 25599
849 25599
850 24575
851 24575
852 21503
853 21503
854 20479
855 17407
856 15359
857 14335
858 13311
859 12287
860 9215
861 7167
862 6143
863 5119
864 2046
865 1014
866 1011
867 1000
868 990
869 988
870 977
871 969
872 965
873 958
874 954
875 946
876 937
877 932
878 930
879 925
880 921
881 911
882 907
883 898
884 893
885 886
886 881
887 877
888 871
889 867
890 867
891 862
892 860
893 859
894 844
895 832
896 512  # compresses ieta bin 14, pt 0
897 29695
898 29695
899 30719
900 30719
901 31743
902 31743
903 30719
904 31743
905 31743
906 30719
907 29695
908 30719
909 28671
910 28671
911 27647
912 25599
913 25599
914 24575
915 24575
916 22527
917 22527
918 21503
919 18431
920 17407
921 16383
922 15359
923 13311
924 11263
925 9215
926 8191
927 7167
928 2047
929 1018
930 1015
931 1004
932 994
933 992
934 983
935 975
936 971
937 961
938 958
939 951
940 943
941 940
942 935
943 930
944 926
945 918
946 911
947 902
948 898
949 891
950 884
951 880
952 876
953 870
954 870
955 866
956 864
957 863
958 849
959 836
960 512  # compresses ieta bin 15, pt 0
961 29695
962 29695
963 30719
964 30719
965 31743
966 31743
967 30719
968 31743
969 31743
970 31743
971 30719
972 30719
973 29695
974 28671
975 27647
976 25599
977 26623
978 25599
979 24575
980 23551
981 23551
982 22527
983 19455
984 18431
985 17407
986 16383
987 14335
988 12287
989 10239
990 9215
991 8191
992 3071
993 1022
994 1019
995 1011
996 1001
997 999
998 986
999 978
1000 977
1001 967
1002 963
1003 957
1004 948
1005 948
1006 943
1007 937
1008 930
1009 922
1010 915
1011 906
1012 902
1013 891
1014 886
1015 881
1016 876
1017 872
1018 871
1019 866
1020 864
1021 863
1022 849
1023 836
1024 512  # compresses ieta bin 16, pt 0
1025 29695
1026 29695
1027 30719
1028 30719
1029 31743
1030 31743
1031 30719
1032 31743
1033 31743
1034 31743
1035 30719
1036 30719
1037 29695
1038 28671
1039 27647
1040 25599
1041 25599
1042 25599
1043 24575
1044 21503
1045 23551
1046 22527
1047 19455
1048 18431
1049 17407
1050 16383
1051 14335
1052 12287
1053 10239
1054 8191
1055 8191
1056 3071
1057 1022
1058 1019
1059 1008
1060 998
1061 995
1062 986
1063 978
1064 974
1065 967
1066 963
1067 951
1068 943
1069 940
1070 938
1071 932
1072 928
1073 918
1074 913
1075 904
1076 898
1077 887
1078 883
1079 878
1080 872
1081 867
1082 867
1083 863
1084 862
1085 860
1086 844
1087 831
1088 512  # compresses ieta bin 17, pt 0
1089 26623
1090 25599
1091 27647
1092 26623
1093 27647
1094 27647
1095 26623
1096 27647
1097 26623
1098 26623
1099 25599
1100 25599
1101 24575
1102 23551
1103 22527
1104 20479
1105 20479
1106 19455
1107 18431
1108 15359
1109 14335
1110 13311
1111 10239
1112 8191
1113 7167
1114 5119
1115 3071
1116 1022
1117 1008
1118 1000
1119 996
1120 980
1121 970
1122 964
1123 956
1124 944
1125 941
1126 931
1127 925
1128 919
1129 914
1130 909
1131 902
1132 895
1133 891
1134 885
1135 880
1136 874
1137 866
1138 860
1139 853
1140 848
1141 841
1142 836
1143 832
1144 828
1145 823
1146 821
1147 818
1148 815
1149 813
1150 791
1151 779
1152 512  # compresses ieta bin 18, pt 0
1153 24575
1154 24575
1155 25599
1156 26623
1157 27647
1158 26623
1159 25599
1160 26623
1161 25599
1162 25599
1163 24575
1164 24575
1165 23551
1166 22527
1167 21503
1168 20479
1169 20479
1170 19455
1171 18431
1172 15359
1173 14335
1174 13311
1175 10239
1176 8191
1177 7167
1178 5119
1179 3071
1180 1022
1181 1008
1182 1000
1183 996
1184 980
1185 970
1186 964
1187 956
1188 944
1189 941
1190 931
1191 925
1192 919
1193 914
1194 909
1195 902
1196 895
1197 891
1198 885
1199 880
1200 874
1201 866
1202 862
1203 853
1204 850
1205 841
1206 836
1207 832
1208 828
1209 823
1210 822
1211 818
1212 815
1213 813
1214 791
1215 779
1216 512  # compresses ieta bin 19, pt 0
1217 27647
1218 25599
1219 27647
1220 27647
1221 27647
1222 26623
1223 25599
1224 26623
1225 25599
1226 24575
1227 23551
1228 23551
1229 22527
1230 21503
1231 21503
1232 19455
1233 19455
1234 18431
1235 17407
1236 14335
1237 13311
1238 12287
1239 8191
1240 7167
1241 6143
1242 4095
1243 2046
1244 1012
1245 999
1246 991
1247 987
1248 976
1249 966
1250 960
1251 952
1252 941
1253 937
1254 927
1255 921
1256 916
1257 911
1258 906
1259 899
1260 892
1261 888
1262 882
1263 877
1264 874
1265 864
1266 860
1267 852
1268 848
1269 841
1270 835
1271 830
1272 826
1273 821
1274 819
1275 815
1276 813
1277 810
1278 789
1279 777
1280 512  # compresses ieta bin 20, pt 0
1281 27647
1282 26623
1283 27647
1284 26623
1285 27647
1286 26623
1287 25599
1288 25599
1289 24575
1290 24575
1291 23551
1292 23551
1293 22527
1294 21503
1295 20479
1296 19455
1297 18431
1298 17407
1299 16383
1300 13311
1301 12287
1302 11263
1303 7167
1304 6143
1305 5119
1306 3071
1307 1021
1308 1007
1309 995
1310 991
1311 983
1312 972
1313 962
1314 957
1315 948
1316 937
1317 934
1318 921
1319 915
1320 910
1321 902
1322 897
1323 891
1324 881
1325 878
1326 872
1327 865
1328 862
1329 853
1330 847
1331 840
1332 833
1333 821
1334 814
1335 809
1336 804
1337 798
1338 797
1339 795
1340 791
1341 789
1342 769
1343 756
1344 512  # compresses ieta bin 21, pt 0
1345 26623
1346 25599
1347 27647
1348 26623
1349 26623
1350 24575
1351 23551
1352 23551
1353 22527
1354 22527
1355 21503
1356 21503
1357 20479
1358 20479
1359 19455
1360 17407
1361 17407
1362 16383
1363 14335
1364 11263
1365 11263
1366 9215
1367 6143
1368 4095
1369 2046
1370 1012
1371 1006
1372 993
1373 980
1374 973
1375 970
1376 955
1377 945
1378 937
1379 930
1380 919
1381 917
1382 908
1383 903
1384 901
1385 890
1386 886
1387 877
1388 871
1389 868
1390 865
1391 858
1392 853
1393 845
1394 839
1395 832
1396 824
1397 814
1398 805
1399 801
1400 796
1401 792
1402 791
1403 788
1404 784
1405 782
1406 762
1407 750
1408 512  # compresses ieta bin 22, pt 0
1409 25599
1410 24575
1411 25599
1412 23551
1413 23551
1414 21503
1415 21503
1416 21503
1417 20479
1418 20479
1419 19455
1420 19455
1421 20479
1422 19455
1423 19455
1424 17407
1425 16383
1426 15359
1427 13311
1428 10239
1429 10239
1430 8191
1431 5119
1432 3071
1433 1022
1434 1011
1435 1002
1436 989
1437 976
1438 968
1439 966
1440 951
1441 941
1442 933
1443 926
1444 916
1445 910
1446 904
1447 899
1448 894
1449 884
1450 880
1451 871
1452 865
1453 863
1454 860
1455 853
1456 849
1457 840
1458 835
1459 826
1460 820
1461 809
1462 800
1463 796
1464 791
1465 787
1466 787
1467 782
1468 780
1469 777
1470 762
1471 750
1472 512  # compresses ieta bin 23, pt 0
1473 22527
1474 21503
1475 22527
1476 22527
1477 22527
1478 20479
1479 20479
1480 19455
1481 19455
1482 17407
1483 16383
1484 16383
1485 16383
1486 16383
1487 15359
1488 13311
1489 12287
1490 10239
1491 9215
1492 7167
1493 6143
1494 4095
1495 1021
1496 1010
1497 1000
1498 991
1499 986
1500 973
1501 957
1502 955
1503 948
1504 939
1505 933
1506 926
1507 919
1508 909
1509 903
1510 898
1511 893
1512 888
1513 878
1514 875
1515 869
1516 860
1517 858
1518 855
1519 846
1520 844
1521 834
1522 829
1523 820
1524 812
1525 803
1526 795
1527 789
1528 785
1529 781
1530 779
1531 776
1532 773
1533 772
1534 757
1535 747
1536 512  # compresses ieta bin 24, pt 0
1537 20479
1538 18431
1539 19455
1540 19455
1541 20479
1542 19455
1543 18431
1544 18431
1545 17407
1546 15359
1547 14335
1548 14335
1549 14335
1550 14335
1551 13311
1552 11263
1553 11263
1554 9215
1555 8191
1556 6143
1557 5119
1558 3071
1559 1016
1560 1004
1561 995
1562 990
1563 981
1564 969
1565 957
1566 950
1567 948
1568 938
1569 929
1570 922
1571 915
1572 905
1573 903
1574 894
1575 890
1576 885
1577 875
1578 875
1579 866
1580 860
1581 857
1582 852
1583 846
1584 842
1585 832
1586 827
1587 818
1588 810
1589 802
1590 792
1591 787
1592 783
1593 778
1594 778
1595 773
1596 772
1597 769
1598 756
1599 745
1600 512  # compresses ieta bin 25, pt 0
1601 18431
1602 17407
1603 17407
1604 17407
1605 18431
1606 17407
1607 16383
1608 16383
1609 16383
1610 14335
1611 13311
1612 13311
1613 13311
1614 13311
1615 12287
1616 10239
1617 10239
1618 8191
1619 7167
1620 6143
1621 5119
1622 4095
1623 1021
1624 1010
1625 1000
1626 991
1627 986
1628 973
1629 961
1630 955
1631 949
1632 939
1633 933
1634 926
1635 919
1636 909
1637 903
1638 898
1639 893
1640 888
1641 878
1642 878
1643 869
1644 860
1645 858
1646 855
1647 846
1648 844
1649 834
1650 829
1651 820
1652 812
1653 803
1654 793
1655 789
1656 785
1657 780
1658 779
1659 776
1660 773
1661 770
1662 757
1663 747
1664 512  # compresses ieta bin 26, pt 0
1665 36863
1666 38911
1667 40959
1668 38911
1669 39935
1670 35839
1671 34815
1672 33791
1673 34815
1674 35839
1675 33791
1676 33791
1677 29695
1678 27647
1679 26623
1680 25599
1681 25599
1682 24575
1683 23551
1684 20479
1685 21503
1686 21503
1687 18431
1688 16383
1689 14335
1690 11263
1691 10239
1692 7167
1693 5119
1694 3071
1695 3071
1696 1018
1697 1006
1698 1003
1699 997
1700 987
1701 985
1702 977
1703 966
1704 962
1705 955
1706 952
1707 946
1708 935
1709 930
1710 918
1711 906
1712 899
1713 888
1714 882
1715 873
1716 865
1717 853
1718 843
1719 837
1720 833
1721 826
1722 824
1723 822
1724 816
1725 813
1726 798
1727 787
1728 512  # compresses ieta bin 27, pt 0
1729 44031
1730 41983
1731 43007
1732 41983
1733 44031
1734 39935
1735 37887
1736 37887
1737 38911
1738 41983
1739 38911
1740 38911
1741 35839
1742 33791
1743 34815
1744 35839
1745 35839
1746 33791
1747 32767
1748 29695
1749 29695
1750 27647
1751 24575
1752 24575
1753 24575
1754 22527
1755 21503
1756 19455
1757 17407
1758 15359
1759 14335
1760 11263
1761 10239
1762 8191
1763 6143
1764 3071
1765 2047
1766 1009
1767 997
1768 995
1769 984
1770 986
1771 981
1772 975
1773 966
1774 953
1775 939
1776 935
1777 922
1778 917
1779 908
1780 900
1781 886
1782 874
1783 867
1784 861
1785 853
1786 852
1787 850
1788 845
1789 841
1790 817
1791 802
1792 512  # compresses ieta bin 28, pt 0
1793 22527
1794 17407
1795 15359
1796 13311
1797 11263
1798 8191
1799 5119
1800 1021
1801 1018
1802 999
1803 999
1804 1000
1805 974
1806 955
1807 949
1808 943
1809 929
1810 920
1811 903
1812 889
1813 883
1814 878
1815 873
1816 862
1817 858
1818 849
1819 841
1820 843
1821 840
1822 838
1823 836
1824 821
1825 811
1826 794
1827 789
1828 784
1829 784
1830 783
1831 782
1832 779
1833 778
1834 778
1835 773
1836 762
1837 754
1838 754
1839 741
1840 736
1841 733
1842 726
1843 725
1844 721
1845 719
1846 718
1847 715
1848 704
1849 699
1850 692
1851 690
1852 689
1853 687
1854 682
1855 675
1856 512  # compresses ieta bin 29, pt 0
1857 24575
1858 19455
1859 16383
1860 13311
1861 11263
1862 8191
1863 3071
1864 1007
1865 985
1866 965
1867 939
1868 941
1869 915
1870 882
1871 870
1872 858
1873 840
1874 827
1875 808
1876 785
1877 779
1878 778
1879 765
1880 754
1881 739
1882 739
1883 731
1884 732
1885 729
1886 717
1887 714
1888 712
1889 706
1890 701
1891 700
1892 688
1893 681
1894 681
1895 675
1896 672
1897 670
1898 667
1899 662
1900 657
1901 653
1902 654
1903 643
1904 636
1905 634
1906 628
1907 627
1908 625
1909 622
1910 623
1911 621
1912 610
1913 605
1914 597
1915 597
1916 596
1917 595
1918 590
1919 585
1920 512  # compresses ieta bin 30, pt 0
1921 23551
1922 17407
1923 14335
1924 10239
1925 8191
1926 5119
1927 1006
1928 972
1929 952
1930 923
1931 896
1932 891
1933 868
1934 838
1935 834
1936 817
1937 806
1938 788
1939 765
1940 745
1941 739
1942 734
1943 724
1944 714
1945 706
1946 703
1947 705
1948 703
1949 701
1950 690
1951 688
1952 683
1953 681
1954 677
1955 670
1956 663
1957 661
1958 661
1959 656
1960 654
1961 655
1962 650
1963 646
1964 644
1965 643
1966 641
1967 633
1968 627
1969 625
1970 622
1971 619
1972 618
1973 615
1974 616
1975 614
1976 607
1977 602
1978 596
1979 596
1980 595
1981 593
1982 589
1983 584
1984 512  # compresses ieta bin 31, pt 0
1985 16383
1986 10239
1987 8191
1988 5119
1989 1019
1990 980
1991 945
1992 914
1993 896
1994 869
1995 845
1996 823
1997 801
1998 791
1999 772
2000 764
2001 748
2002 733
2003 714
2004 702
2005 687
2006 678
2007 670
2008 669
2009 662
2010 656
2011 655
2012 650
2013 649
2014 645
2015 645
2016 641
2017 640
2018 635
2019 629
2020 624
2021 623
2022 622
2023 618
2024 617
2025 616
2026 610
2027 607
2028 607
2029 607
2030 606
2031 597
2032 591
2033 591
2034 589
2035 590
2036 586
2037 585
2038 585
2039 583
2040 577
2041 571
2042 566
2043 566
2044 565
2045 564
2046 559
2047 555
2048 512  # compresses ieta bin 32, pt 0
2049 15359
2050 10239
2051 7167
2052 4095
2053 1017
2054 966
2055 933
2056 892
2057 874
2058 848
2059 825
2060 803
2061 773
2062 755
2063 746
2064 730
2065 715
2066 702
2067 678
2068 662
2069 653
2070 641
2071 635
2072 635
2073 624
2074 619
2075 615
2076 611
2077 612
2078 609
2079 606
2080 607
2081 604
2082 600
2083 592
2084 592
2085 589
2086 589
2087 590
2088 587
2089 587
2090 573
2091 571
2092 569
2093 568
2094 569
2095 566
2096 566
2097 563
2098 565
2099 562
2100 560
2101 560
2102 558
2103 558
2104 558
2105 554
2106 551
2107 552
2108 550
2109 549
2110 545
2111 540
2112 512  # compresses ieta bin 33, pt 0
2113 16383
2114 10239
2115 7167
2116 4095
2117 1017
2118 966
2119 933
2120 892
2121 874
2122 848
2123 825
2124 803
2125 773
2126 755
2127 746
2128 730
2129 715
2130 702
2131 677
2132 661
2133 653
2134 641
2135 635
2136 630
2137 624
2138 619
2139 615
2140 611
2141 612
2142 609
2143 606
2144 603
2145 600
2146 596
2147 592
2148 589
2149 589
2150 589
2151 587
2152 587
2153 587
2154 570
2155 566
2156 561
2157 563
2158 561
2159 559
2160 559
2161 559
2162 557
2163 556
2164 554
2165 553
2166 553
2167 553
2168 551
2169 550
2170 548
2171 549
2172 547
2173 546
2174 542
2175 538
2176 512  # compresses ieta bin 34, pt 0
2177 16383
2178 10239
2179 8191
2180 4095
2181 1017
2182 967
2183 933
2184 892
2185 874
2186 848
2187 825
2188 803
2189 773
2190 756
2191 746
2192 730
2193 715
2194 702
2195 677
2196 661
2197 653
2198 641
2199 635
2200 629
2201 624
2202 615
2203 615
2204 611
2205 608
2206 605
2207 606
2208 603
2209 600
2210 596
2211 588
2212 585
2213 586
2214 586
2215 583
2216 584
2217 584
2218 568
2219 563
2220 559
2221 558
2222 559
2223 557
2224 554
2225 554
2226 554
2227 553
2228 553
2229 551
2230 551
2231 549
2232 550
2233 548
2234 547
2235 546
2236 546
2237 545
2238 541
2239 536
2240 512  # compresses ieta bin 35, pt 0
2241 17407
2242 11263
2243 9215
2244 5119
2245 1018
2246 979
2247 933
2248 902
2249 875
2250 849
2251 826
2252 813
2253 774
2254 763
2255 746
2256 730
2257 716
2258 702
2259 684
2260 668
2261 654
2262 647
2263 635
2264 630
2265 624
2266 615
2267 615
2268 611
2269 608
2270 605
2271 606
2272 603
2273 600
2274 592
2275 588
2276 585
2277 586
2278 586
2279 583
2280 581
2281 581
2282 568
2283 563
2284 559
2285 557
2286 559
2287 554
2288 554
2289 554
2290 552
2291 553
2292 551
2293 551
2294 551
2295 549
2296 550
2297 548
2298 546
2299 546
2300 546
2301 544
2302 541
2303 536
2304 512  # compresses ieta bin 36, pt 0
2305 18431
2306 12287
2307 9215
2308 5119
2309 2047
2310 982
2311 945
2312 914
2313 885
2314 859
2315 837
2316 823
2317 792
2318 782
2319 764
2320 747
2321 739
2322 718
2323 699
2324 675
2325 666
2326 653
2327 641
2328 640
2329 629
2330 624
2331 620
2332 616
2333 612
2334 609
2335 606
2336 603
2337 604
2338 596
2339 588
2340 589
2341 589
2342 586
2343 586
2344 584
2345 584
2346 573
2347 569
2348 564
2349 563
2350 564
2351 561
2352 561
2353 559
2354 559
2355 558
2356 558
2357 558
2358 556
2359 556
2360 556
2361 554
2362 553
2363 553
2364 552
2365 550
2366 547
2367 543
2368 512  # compresses ieta bin 37, pt 0
2369 18431
2370 12287
2371 10239
2372 6143
2373 3071
2374 1007
2375 971
2376 949
2377 918
2378 891
2379 866
2380 852
2381 812
2382 800
2383 781
2384 773
2385 764
2386 749
2387 728
2388 709
2389 699
2390 684
2391 676
2392 669
2393 657
2394 656
2395 655
2396 650
2397 645
2398 640
2399 636
2400 636
2401 632
2402 627
2403 622
2404 621
2405 620
2406 619
2407 618
2408 617
2409 616
2410 610
2411 604
2412 601
2413 601
2414 599
2415 597
2416 597
2417 595
2418 595
2419 596
2420 596
2421 594
2422 594
2423 592
2424 593
2425 591
2426 588
2427 589
2428 589
2429 588
2430 583
2431 579
2432 512  # compresses ieta bin 38, pt 0
2433 35839
2434 29695
2435 28671
2436 26623
2437 24575
2438 20479
2439 15359
2440 13311
2441 10239
2442 6143
2443 2045
2444 1019
2445 1001
2446 955
2447 949
2448 935
2449 913
2450 896
2451 868
2452 827
2453 811
2454 784
2455 771
2456 760
2457 738
2458 729
2459 730
2460 722
2461 715
2462 708
2463 706
2464 703
2465 701
2466 697
2467 689
2468 685
2469 685
2470 684
2471 684
2472 684
2473 684
2474 676
2475 670
2476 666
2477 666
2478 667
2479 664
2480 663
2481 662
2482 663
2483 662
2484 661
2485 660
2486 659
2487 658
2488 658
2489 657
2490 655
2491 656
2492 655
2493 654
2494 650
2495 645
2496 512  # compresses ieta bin 39, pt 0
2497 35839
2498 29695
2499 28671
2500 26623
2501 24575
2502 20479
2503 15359
2504 13311
2505 10239
2506 6143
2507 2045
2508 1019
2509 1001
2510 957
2511 949
2512 935
2513 921
2514 904
2515 882
2516 848
2517 837
2518 815
2519 801
2520 789
2521 766
2522 760
2523 760
2524 756
2525 752
2526 744
2527 740
2528 737
2529 738
2530 732
2531 722
2532 720
2533 719
2534 721
2535 719
2536 718
2537 717
2538 710
2539 706
2540 700
2541 700
2542 702
2543 698
2544 697
2545 696
2546 696
2547 695
2548 695
2549 694
2550 694
2551 693
2552 693
2553 691
2554 689
2555 689
2556 689
2557 687
2558 684
2559 679
2560 0 # dummy
2561 0 # dummy
2562 0 # dummy
2563 0 # dummy
2564 0 # dummy
2565 0 # dummy
2566 0 # dummy
2567 0 # dummy
2568 0 # dummy
2569 0 # dummy
2570 0 # dummy
2571 0 # dummy
2572 0 # dummy
2573 0 # dummy
2574 0 # dummy
2575 0 # dummy
2576 0 # dummy
2577 0 # dummy
2578 0 # dummy
2579 0 # dummy
2580 0 # dummy
2581 0 # dummy
2582 0 # dummy
2583 0 # dummy
2584 0 # dummy
2585 0 # dummy
2586 0 # dummy
2587 0 # dummy
2588 0 # dummy
2589 0 # dummy
2590 0 # dummy
2591 0 # dummy
2592 0 # dummy
2593 0 # dummy
2594 0 # dummy
2595 0 # dummy
2596 0 # dummy
2597 0 # dummy
2598 0 # dummy
2599 0 # dummy
2600 0 # dummy
2601 0 # dummy
2602 0 # dummy
2603 0 # dummy
2604 0 # dummy
2605 0 # dummy
2606 0 # dummy
2607 0 # dummy
2608 0 # dummy
2609 0 # dummy
2610 0 # dummy
2611 0 # dummy
2612 0 # dummy
2613 0 # dummy
2614 0 # dummy
2615 0 # dummy
2616 0 # dummy
2617 0 # dummy
2618 0 # dummy
2619 0 # dummy
2620 0 # dummy
2621 0 # dummy
2622 0 # dummy
2623 0 # dummy
2624 0 # dummy
2625 0 # dummy
2626 0 # dummy
2627 0 # dummy
2628 0 # dummy
2629 0 # dummy
2630 0 # dummy
2631 0 # dummy
2632 0 # dummy
2633 0 # dummy
2634 0 # dummy
2635 0 # dummy
2636 0 # dummy
2637 0 # dummy
2638 0 # dummy
2639 0 # dummy
2640 0 # dummy
2641 0 # dummy
2642 0 # dummy
2643 0 # dummy
2644 0 # dummy
2645 0 # dummy
2646 0 # dummy
2647 0 # dummy
2648 0 # dummy
2649 0 # dummy
2650 0 # dummy
2651 0 # dummy
2652 0 # dummy
2653 0 # dummy
2654 0 # dummy
2655 0 # dummy
2656 0 # dummy
2657 0 # dummy
2658 0 # dummy
2659 0 # dummy
2660 0 # dummy
2661 0 # dummy
2662 0 # dummy
2663 0 # dummy
2664 0 # dummy
2665 0 # dummy
2666 0 # dummy
2667 0 # dummy
2668 0 # dummy
2669 0 # dummy
2670 0 # dummy
2671 0 # dummy
2672 0 # dummy
2673 0 # dummy
2674 0 # dummy
2675 0 # dummy
2676 0 # dummy
2677 0 # dummy
2678 0 # dummy
2679 0 # dummy
2680 0 # dummy
2681 0 # dummy
2682 0 # dummy
2683 0 # dummy
2684 0 # dummy
2685 0 # dummy
2686 0 # dummy
2687 0 # dummy
2688 0 # dummy
2689 0 # dummy
2690 0 # dummy
2691 0 # dummy
2692 0 # dummy
2693 0 # dummy
2694 0 # dummy
2695 0 # dummy
2696 0 # dummy
2697 0 # dummy
2698 0 # dummy
2699 0 # dummy
2700 0 # dummy
2701 0 # dummy
2702 0 # dummy
2703 0 # dummy
2704 0 # dummy
2705 0 # dummy
2706 0 # dummy
2707 0 # dummy
2708 0 # dummy
2709 0 # dummy
2710 0 # dummy
2711 0 # dummy
2712 0 # dummy
2713 0 # dummy
2714 0 # dummy
2715 0 # dummy
2716 0 # dummy
2717 0 # dummy
2718 0 # dummy
2719 0 # dummy
2720 0 # dummy
2721 0 # dummy
2722 0 # dummy
2723 0 # dummy
2724 0 # dummy
2725 0 # dummy
2726 0 # dummy
2727 0 # dummy
2728 0 # dummy
2729 0 # dummy
2730 0 # dummy
2731 0 # dummy
2732 0 # dummy
2733 0 # dummy
2734 0 # dummy
2735 0 # dummy
2736 0 # dummy
2737 0 # dummy
2738 0 # dummy
2739 0 # dummy
2740 0 # dummy
2741 0 # dummy
2742 0 # dummy
2743 0 # dummy
2744 0 # dummy
2745 0 # dummy
2746 0 # dummy
2747 0 # dummy
2748 0 # dummy
2749 0 # dummy
2750 0 # dummy
2751 0 # dummy
2752 0 # dummy
2753 0 # dummy
2754 0 # dummy
2755 0 # dummy
2756 0 # dummy
2757 0 # dummy
2758 0 # dummy
2759 0 # dummy
2760 0 # dummy
2761 0 # dummy
2762 0 # dummy
2763 0 # dummy
2764 0 # dummy
2765 0 # dummy
2766 0 # dummy
2767 0 # dummy
2768 0 # dummy
2769 0 # dummy
2770 0 # dummy
2771 0 # dummy
2772 0 # dummy
2773 0 # dummy
2774 0 # dummy
2775 0 # dummy
2776 0 # dummy
2777 0 # dummy
2778 0 # dummy
2779 0 # dummy
2780 0 # dummy
2781 0 # dummy
2782 0 # dummy
2783 0 # dummy
2784 0 # dummy
2785 0 # dummy
2786 0 # dummy
2787 0 # dummy
2788 0 # dummy
2789 0 # dummy
2790 0 # dummy
2791 0 # dummy
2792 0 # dummy
2793 0 # dummy
2794 0 # dummy
2795 0 # dummy
2796 0 # dummy
2797 0 # dummy
2798 0 # dummy
2799 0 # dummy
2800 0 # dummy
2801 0 # dummy
2802 0 # dummy
2803 0 # dummy
2804 0 # dummy
2805 0 # dummy
2806 0 # dummy
2807 0 # dummy
2808 0 # dummy
2809 0 # dummy
2810 0 # dummy
2811 0 # dummy
2812 0 # dummy
2813 0 # dummy
2814 0 # dummy
2815 0 # dummy
2816 0 # dummy
2817 0 # dummy
2818 0 # dummy
2819 0 # dummy
2820 0 # dummy
2821 0 # dummy
2822 0 # dummy
2823 0 # dummy
2824 0 # dummy
2825 0 # dummy
2826 0 # dummy
2827 0 # dummy
2828 0 # dummy
2829 0 # dummy
2830 0 # dummy
2831 0 # dummy
2832 0 # dummy
2833 0 # dummy
2834 0 # dummy
2835 0 # dummy
2836 0 # dummy
2837 0 # dummy
2838 0 # dummy
2839 0 # dummy
2840 0 # dummy
2841 0 # dummy
2842 0 # dummy
2843 0 # dummy
2844 0 # dummy
2845 0 # dummy
2846 0 # dummy
2847 0 # dummy
2848 0 # dummy
2849 0 # dummy
2850 0 # dummy
2851 0 # dummy
2852 0 # dummy
2853 0 # dummy
2854 0 # dummy
2855 0 # dummy
2856 0 # dummy
2857 0 # dummy
2858 0 # dummy
2859 0 # dummy
2860 0 # dummy
2861 0 # dummy
2862 0 # dummy
2863 0 # dummy
2864 0 # dummy
2865 0 # dummy
2866 0 # dummy
2867 0 # dummy
2868 0 # dummy
2869 0 # dummy
2870 0 # dummy
2871 0 # dummy
2872 0 # dummy
2873 0 # dummy
2874 0 # dummy
2875 0 # dummy
2876 0 # dummy
2877 0 # dummy
2878 0 # dummy
2879 0 # dummy
2880 0 # dummy
2881 0 # dummy
2882 0 # dummy
2883 0 # dummy
2884 0 # dummy
2885 0 # dummy
2886 0 # dummy
2887 0 # dummy
2888 0 # dummy
2889 0 # dummy
2890 0 # dummy
2891 0 # dummy
2892 0 # dummy
2893 0 # dummy
2894 0 # dummy
2895 0 # dummy
2896 0 # dummy
2897 0 # dummy
2898 0 # dummy
2899 0 # dummy
2900 0 # dummy
2901 0 # dummy
2902 0 # dummy
2903 0 # dummy
2904 0 # dummy
2905 0 # dummy
2906 0 # dummy
2907 0 # dummy
2908 0 # dummy
2909 0 # dummy
2910 0 # dummy
2911 0 # dummy
2912 0 # dummy
2913 0 # dummy
2914 0 # dummy
2915 0 # dummy
2916 0 # dummy
2917 0 # dummy
2918 0 # dummy
2919 0 # dummy
2920 0 # dummy
2921 0 # dummy
2922 0 # dummy
2923 0 # dummy
2924 0 # dummy
2925 0 # dummy
2926 0 # dummy
2927 0 # dummy
2928 0 # dummy
2929 0 # dummy
2930 0 # dummy
2931 0 # dummy
2932 0 # dummy
2933 0 # dummy
2934 0 # dummy
2935 0 # dummy
2936 0 # dummy
2937 0 # dummy
2938 0 # dummy
2939 0 # dummy
2940 0 # dummy
2941 0 # dummy
2942 0 # dummy
2943 0 # dummy
2944 0 # dummy
2945 0 # dummy
2946 0 # dummy
2947 0 # dummy
2948 0 # dummy
2949 0 # dummy
2950 0 # dummy
2951 0 # dummy
2952 0 # dummy
2953 0 # dummy
2954 0 # dummy
2955 0 # dummy
2956 0 # dummy
2957 0 # dummy
2958 0 # dummy
2959 0 # dummy
2960 0 # dummy
2961 0 # dummy
2962 0 # dummy
2963 0 # dummy
2964 0 # dummy
2965 0 # dummy
2966 0 # dummy
2967 0 # dummy
2968 0 # dummy
2969 0 # dummy
2970 0 # dummy
2971 0 # dummy
2972 0 # dummy
2973 0 # dummy
2974 0 # dummy
2975 0 # dummy
2976 0 # dummy
2977 0 # dummy
2978 0 # dummy
2979 0 # dummy
2980 0 # dummy
2981 0 # dummy
2982 0 # dummy
2983 0 # dummy
2984 0 # dummy
2985 0 # dummy
2986 0 # dummy
2987 0 # dummy
2988 0 # dummy
2989 0 # dummy
2990 0 # dummy
2991 0 # dummy
2992 0 # dummy
2993 0 # dummy
2994 0 # dummy
2995 0 # dummy
2996 0 # dummy
2997 0 # dummy
2998 0 # dummy
2999 0 # dummy
3000 0 # dummy
3001 0 # dummy
3002 0 # dummy
3003 0 # dummy
3004 0 # dummy
3005 0 # dummy
3006 0 # dummy
3007 0 # dummy
3008 0 # dummy
3009 0 # dummy
3010 0 # dummy
3011 0 # dummy
3012 0 # dummy
3013 0 # dummy
3014 0 # dummy
3015 0 # dummy
3016 0 # dummy
3017 0 # dummy
3018 0 # dummy
3019 0 # dummy
3020 0 # dummy
3021 0 # dummy
3022 0 # dummy
3023 0 # dummy
3024 0 # dummy
3025 0 # dummy
3026 0 # dummy
3027 0 # dummy
3028 0 # dummy
3029 0 # dummy
3030 0 # dummy
3031 0 # dummy
3032 0 # dummy
3033 0 # dummy
3034 0 # dummy
3035 0 # dummy
3036 0 # dummy
3037 0 # dummy
3038 0 # dummy
3039 0 # dummy
3040 0 # dummy
3041 0 # dummy
3042 0 # dummy
3043 0 # dummy
3044 0 # dummy
3045 0 # dummy
3046 0 # dummy
3047 0 # dummy
3048 0 # dummy
3049 0 # dummy
3050 0 # dummy
3051 0 # dummy
3052 0 # dummy
3053 0 # dummy
3054 0 # dummy
3055 0 # dummy
3056 0 # dummy
3057 0 # dummy
3058 0 # dummy
3059 0 # dummy
3060 0 # dummy
3061 0 # dummy
3062 0 # dummy
3063 0 # dummy
3064 0 # dummy
3065 0 # dummy
3066 0 # dummy
3067 0 # dummy
3068 0 # dummy
3069 0 # dummy
3070 0 # dummy
3071 0 # dummy
3072 0 # dummy
3073 0 # dummy
3074 0 # dummy
3075 0 # dummy
3076 0 # dummy
3077 0 # dummy
3078 0 # dummy
3079 0 # dummy
3080 0 # dummy
3081 0 # dummy
3082 0 # dummy
3083 0 # dummy
3084 0 # dummy
3085 0 # dummy
3086 0 # dummy
3087 0 # dummy
3088 0 # dummy
3089 0 # dummy
3090 0 # dummy
3091 0 # dummy
3092 0 # dummy
3093 0 # dummy
3094 0 # dummy
3095 0 # dummy
3096 0 # dummy
3097 0 # dummy
3098 0 # dummy
3099 0 # dummy
3100 0 # dummy
3101 0 # dummy
3102 0 # dummy
3103 0 # dummy
3104 0 # dummy
3105 0 # dummy
3106 0 # dummy
3107 0 # dummy
3108 0 # dummy
3109 0 # dummy
3110 0 # dummy
3111 0 # dummy
3112 0 # dummy
3113 0 # dummy
3114 0 # dummy
3115 0 # dummy
3116 0 # dummy
3117 0 # dummy
3118 0 # dummy
3119 0 # dummy
3120 0 # dummy
3121 0 # dummy
3122 0 # dummy
3123 0 # dummy
3124 0 # dummy
3125 0 # dummy
3126 0 # dummy
3127 0 # dummy
3128 0 # dummy
3129 0 # dummy
3130 0 # dummy
3131 0 # dummy
3132 0 # dummy
3133 0 # dummy
3134 0 # dummy
3135 0 # dummy
3136 0 # dummy
3137 0 # dummy
3138 0 # dummy
3139 0 # dummy
3140 0 # dummy
3141 0 # dummy
3142 0 # dummy
3143 0 # dummy
3144 0 # dummy
3145 0 # dummy
3146 0 # dummy
3147 0 # dummy
3148 0 # dummy
3149 0 # dummy
3150 0 # dummy
3151 0 # dummy
3152 0 # dummy
3153 0 # dummy
3154 0 # dummy
3155 0 # dummy
3156 0 # dummy
3157 0 # dummy
3158 0 # dummy
3159 0 # dummy
3160 0 # dummy
3161 0 # dummy
3162 0 # dummy
3163 0 # dummy
3164 0 # dummy
3165 0 # dummy
3166 0 # dummy
3167 0 # dummy
3168 0 # dummy
3169 0 # dummy
3170 0 # dummy
3171 0 # dummy
3172 0 # dummy
3173 0 # dummy
3174 0 # dummy
3175 0 # dummy
3176 0 # dummy
3177 0 # dummy
3178 0 # dummy
3179 0 # dummy
3180 0 # dummy
3181 0 # dummy
3182 0 # dummy
3183 0 # dummy
3184 0 # dummy
3185 0 # dummy
3186 0 # dummy
3187 0 # dummy
3188 0 # dummy
3189 0 # dummy
3190 0 # dummy
3191 0 # dummy
3192 0 # dummy
3193 0 # dummy
3194 0 # dummy
3195 0 # dummy
3196 0 # dummy
3197 0 # dummy
3198 0 # dummy
3199 0 # dummy
3200 0 # dummy
3201 0 # dummy
3202 0 # dummy
3203 0 # dummy
3204 0 # dummy
3205 0 # dummy
3206 0 # dummy
3207 0 # dummy
3208 0 # dummy
3209 0 # dummy
3210 0 # dummy
3211 0 # dummy
3212 0 # dummy
3213 0 # dummy
3214 0 # dummy
3215 0 # dummy
3216 0 # dummy
3217 0 # dummy
3218 0 # dummy
3219 0 # dummy
3220 0 # dummy
3221 0 # dummy
3222 0 # dummy
3223 0 # dummy
3224 0 # dummy
3225 0 # dummy
3226 0 # dummy
3227 0 # dummy
3228 0 # dummy
3229 0 # dummy
3230 0 # dummy
3231 0 # dummy
3232 0 # dummy
3233 0 # dummy
3234 0 # dummy
3235 0 # dummy
3236 0 # dummy
3237 0 # dummy
3238 0 # dummy
3239 0 # dummy
3240 0 # dummy
3241 0 # dummy
3242 0 # dummy
3243 0 # dummy
3244 0 # dummy
3245 0 # dummy
3246 0 # dummy
3247 0 # dummy
3248 0 # dummy
3249 0 # dummy
3250 0 # dummy
3251 0 # dummy
3252 0 # dummy
3253 0 # dummy
3254 0 # dummy
3255 0 # dummy
3256 0 # dummy
3257 0 # dummy
3258 0 # dummy
3259 0 # dummy
3260 0 # dummy
3261 0 # dummy
3262 0 # dummy
3263 0 # dummy
3264 0 # dummy
3265 0 # dummy
3266 0 # dummy
3267 0 # dummy
3268 0 # dummy
3269 0 # dummy
3270 0 # dummy
3271 0 # dummy
3272 0 # dummy
3273 0 # dummy
3274 0 # dummy
3275 0 # dummy
3276 0 # dummy
3277 0 # dummy
3278 0 # dummy
3279 0 # dummy
3280 0 # dummy
3281 0 # dummy
3282 0 # dummy
3283 0 # dummy
3284 0 # dummy
3285 0 # dummy
3286 0 # dummy
3287 0 # dummy
3288 0 # dummy
3289 0 # dummy
3290 0 # dummy
3291 0 # dummy
3292 0 # dummy
3293 0 # dummy
3294 0 # dummy
3295 0 # dummy
3296 0 # dummy
3297 0 # dummy
3298 0 # dummy
3299 0 # dummy
3300 0 # dummy
3301 0 # dummy
3302 0 # dummy
3303 0 # dummy
3304 0 # dummy
3305 0 # dummy
3306 0 # dummy
3307 0 # dummy
3308 0 # dummy
3309 0 # dummy
3310 0 # dummy
3311 0 # dummy
3312 0 # dummy
3313 0 # dummy
3314 0 # dummy
3315 0 # dummy
3316 0 # dummy
3317 0 # dummy
3318 0 # dummy
3319 0 # dummy
3320 0 # dummy
3321 0 # dummy
3322 0 # dummy
3323 0 # dummy
3324 0 # dummy
3325 0 # dummy
3326 0 # dummy
3327 0 # dummy
3328 0 # dummy
3329 0 # dummy
3330 0 # dummy
3331 0 # dummy
3332 0 # dummy
3333 0 # dummy
3334 0 # dummy
3335 0 # dummy
3336 0 # dummy
3337 0 # dummy
3338 0 # dummy
3339 0 # dummy
3340 0 # dummy
3341 0 # dummy
3342 0 # dummy
3343 0 # dummy
3344 0 # dummy
3345 0 # dummy
3346 0 # dummy
3347 0 # dummy
3348 0 # dummy
3349 0 # dummy
3350 0 # dummy
3351 0 # dummy
3352 0 # dummy
3353 0 # dummy
3354 0 # dummy
3355 0 # dummy
3356 0 # dummy
3357 0 # dummy
3358 0 # dummy
3359 0 # dummy
3360 0 # dummy
3361 0 # dummy
3362 0 # dummy
3363 0 # dummy
3364 0 # dummy
3365 0 # dummy
3366 0 # dummy
3367 0 # dummy
3368 0 # dummy
3369 0 # dummy
3370 0 # dummy
3371 0 # dummy
3372 0 # dummy
3373 0 # dummy
3374 0 # dummy
3375 0 # dummy
3376 0 # dummy
3377 0 # dummy
3378 0 # dummy
3379 0 # dummy
3380 0 # dummy
3381 0 # dummy
3382 0 # dummy
3383 0 # dummy
3384 0 # dummy
3385 0 # dummy
3386 0 # dummy
3387 0 # dummy
3388 0 # dummy
3389 0 # dummy
3390 0 # dummy
3391 0 # dummy
3392 0 # dummy
3393 0 # dummy
3394 0 # dummy
3395 0 # dummy
3396 0 # dummy
3397 0 # dummy
3398 0 # dummy
3399 0 # dummy
3400 0 # dummy
3401 0 # dummy
3402 0 # dummy
3403 0 # dummy
3404 0 # dummy
3405 0 # dummy
3406 0 # dummy
3407 0 # dummy
3408 0 # dummy
3409 0 # dummy
3410 0 # dummy
3411 0 # dummy
3412 0 # dummy
3413 0 # dummy
3414 0 # dummy
3415 0 # dummy
3416 0 # dummy
3417 0 # dummy
3418 0 # dummy
3419 0 # dummy
3420 0 # dummy
3421 0 # dummy
3422 0 # dummy
3423 0 # dummy
3424 0 # dummy
3425 0 # dummy
3426 0 # dummy
3427 0 # dummy
3428 0 # dummy
3429 0 # dummy
3430 0 # dummy
3431 0 # dummy
3432 0 # dummy
3433 0 # dummy
3434 0 # dummy
3435 0 # dummy
3436 0 # dummy
3437 0 # dummy
3438 0 # dummy
3439 0 # dummy
3440 0 # dummy
3441 0 # dummy
3442 0 # dummy
3443 0 # dummy
3444 0 # dummy
3445 0 # dummy
3446 0 # dummy
3447 0 # dummy
3448 0 # dummy
3449 0 # dummy
3450 0 # dummy
3451 0 # dummy
3452 0 # dummy
3453 0 # dummy
3454 0 # dummy
3455 0 # dummy
3456 0 # dummy
3457 0 # dummy
3458 0 # dummy
3459 0 # dummy
3460 0 # dummy
3461 0 # dummy
3462 0 # dummy
3463 0 # dummy
3464 0 # dummy
3465 0 # dummy
3466 0 # dummy
3467 0 # dummy
3468 0 # dummy
3469 0 # dummy
3470 0 # dummy
3471 0 # dummy
3472 0 # dummy
3473 0 # dummy
3474 0 # dummy
3475 0 # dummy
3476 0 # dummy
3477 0 # dummy
3478 0 # dummy
3479 0 # dummy
3480 0 # dummy
3481 0 # dummy
3482 0 # dummy
3483 0 # dummy
3484 0 # dummy
3485 0 # dummy
3486 0 # dummy
3487 0 # dummy
3488 0 # dummy
3489 0 # dummy
3490 0 # dummy
3491 0 # dummy
3492 0 # dummy
3493 0 # dummy
3494 0 # dummy
3495 0 # dummy
3496 0 # dummy
3497 0 # dummy
3498 0 # dummy
3499 0 # dummy
3500 0 # dummy
3501 0 # dummy
3502 0 # dummy
3503 0 # dummy
3504 0 # dummy
3505 0 # dummy
3506 0 # dummy
3507 0 # dummy
3508 0 # dummy
3509 0 # dummy
3510 0 # dummy
3511 0 # dummy
3512 0 # dummy
3513 0 # dummy
3514 0 # dummy
3515 0 # dummy
3516 0 # dummy
3517 0 # dummy
3518 0 # dummy
3519 0 # dummy
3520 0 # dummy
3521 0 # dummy
3522 0 # dummy
3523 0 # dummy
3524 0 # dummy
3525 0 # dummy
3526 0 # dummy
3527 0 # dummy
3528 0 # dummy
3529 0 # dummy
3530 0 # dummy
3531 0 # dummy
3532 0 # dummy
3533 0 # dummy
3534 0 # dummy
3535 0 # dummy
3536 0 # dummy
3537 0 # dummy
3538 0 # dummy
3539 0 # dummy
3540 0 # dummy
3541 0 # dummy
3542 0 # dummy
3543 0 # dummy
3544 0 # dummy
3545 0 # dummy
3546 0 # dummy
3547 0 # dummy
3548 0 # dummy
3549 0 # dummy
3550 0 # dummy
3551 0 # dummy
3552 0 # dummy
3553 0 # dummy
3554 0 # dummy
3555 0 # dummy
3556 0 # dummy
3557 0 # dummy
3558 0 # dummy
3559 0 # dummy
3560 0 # dummy
3561 0 # dummy
3562 0 # dummy
3563 0 # dummy
3564 0 # dummy
3565 0 # dummy
3566 0 # dummy
3567 0 # dummy
3568 0 # dummy
3569 0 # dummy
3570 0 # dummy
3571 0 # dummy
3572 0 # dummy
3573 0 # dummy
3574 0 # dummy
3575 0 # dummy
3576 0 # dummy
3577 0 # dummy
3578 0 # dummy
3579 0 # dummy
3580 0 # dummy
3581 0 # dummy
3582 0 # dummy
3583 0 # dummy
3584 0 # dummy
3585 0 # dummy
3586 0 # dummy
3587 0 # dummy
3588 0 # dummy
3589 0 # dummy
3590 0 # dummy
3591 0 # dummy
3592 0 # dummy
3593 0 # dummy
3594 0 # dummy
3595 0 # dummy
3596 0 # dummy
3597 0 # dummy
3598 0 # dummy
3599 0 # dummy
3600 0 # dummy
3601 0 # dummy
3602 0 # dummy
3603 0 # dummy
3604 0 # dummy
3605 0 # dummy
3606 0 # dummy
3607 0 # dummy
3608 0 # dummy
3609 0 # dummy
3610 0 # dummy
3611 0 # dummy
3612 0 # dummy
3613 0 # dummy
3614 0 # dummy
3615 0 # dummy
3616 0 # dummy
3617 0 # dummy
3618 0 # dummy
3619 0 # dummy
3620 0 # dummy
3621 0 # dummy
3622 0 # dummy
3623 0 # dummy
3624 0 # dummy
3625 0 # dummy
3626 0 # dummy
3627 0 # dummy
3628 0 # dummy
3629 0 # dummy
3630 0 # dummy
3631 0 # dummy
3632 0 # dummy
3633 0 # dummy
3634 0 # dummy
3635 0 # dummy
3636 0 # dummy
3637 0 # dummy
3638 0 # dummy
3639 0 # dummy
3640 0 # dummy
3641 0 # dummy
3642 0 # dummy
3643 0 # dummy
3644 0 # dummy
3645 0 # dummy
3646 0 # dummy
3647 0 # dummy
3648 0 # dummy
3649 0 # dummy
3650 0 # dummy
3651 0 # dummy
3652 0 # dummy
3653 0 # dummy
3654 0 # dummy
3655 0 # dummy
3656 0 # dummy
3657 0 # dummy
3658 0 # dummy
3659 0 # dummy
3660 0 # dummy
3661 0 # dummy
3662 0 # dummy
3663 0 # dummy
3664 0 # dummy
3665 0 # dummy
3666 0 # dummy
3667 0 # dummy
3668 0 # dummy
3669 0 # dummy
3670 0 # dummy
3671 0 # dummy
3672 0 # dummy
3673 0 # dummy
3674 0 # dummy
3675 0 # dummy
3676 0 # dummy
3677 0 # dummy
3678 0 # dummy
3679 0 # dummy
3680 0 # dummy
3681 0 # dummy
3682 0 # dummy
3683 0 # dummy
3684 0 # dummy
3685 0 # dummy
3686 0 # dummy
3687 0 # dummy
3688 0 # dummy
3689 0 # dummy
3690 0 # dummy
3691 0 # dummy
3692 0 # dummy
3693 0 # dummy
3694 0 # dummy
3695 0 # dummy
3696 0 # dummy
3697 0 # dummy
3698 0 # dummy
3699 0 # dummy
3700 0 # dummy
3701 0 # dummy
3702 0 # dummy
3703 0 # dummy
3704 0 # dummy
3705 0 # dummy
3706 0 # dummy
3707 0 # dummy
3708 0 # dummy
3709 0 # dummy
3710 0 # dummy
3711 0 # dummy
3712 0 # dummy
3713 0 # dummy
3714 0 # dummy
3715 0 # dummy
3716 0 # dummy
3717 0 # dummy
3718 0 # dummy
3719 0 # dummy
3720 0 # dummy
3721 0 # dummy
3722 0 # dummy
3723 0 # dummy
3724 0 # dummy
3725 0 # dummy
3726 0 # dummy
3727 0 # dummy
3728 0 # dummy
3729 0 # dummy
3730 0 # dummy
3731 0 # dummy
3732 0 # dummy
3733 0 # dummy
3734 0 # dummy
3735 0 # dummy
3736 0 # dummy
3737 0 # dummy
3738 0 # dummy
3739 0 # dummy
3740 0 # dummy
3741 0 # dummy
3742 0 # dummy
3743 0 # dummy
3744 0 # dummy
3745 0 # dummy
3746 0 # dummy
3747 0 # dummy
3748 0 # dummy
3749 0 # dummy
3750 0 # dummy
3751 0 # dummy
3752 0 # dummy
3753 0 # dummy
3754 0 # dummy
3755 0 # dummy
3756 0 # dummy
3757 0 # dummy
3758 0 # dummy
3759 0 # dummy
3760 0 # dummy
3761 0 # dummy
3762 0 # dummy
3763 0 # dummy
3764 0 # dummy
3765 0 # dummy
3766 0 # dummy
3767 0 # dummy
3768 0 # dummy
3769 0 # dummy
3770 0 # dummy
3771 0 # dummy
3772 0 # dummy
3773 0 # dummy
3774 0 # dummy
3775 0 # dummy
3776 0 # dummy
3777 0 # dummy
3778 0 # dummy
3779 0 # dummy
3780 0 # dummy
3781 0 # dummy
3782 0 # dummy
3783 0 # dummy
3784 0 # dummy
3785 0 # dummy
3786 0 # dummy
3787 0 # dummy
3788 0 # dummy
3789 0 # dummy
3790 0 # dummy
3791 0 # dummy
3792 0 # dummy
3793 0 # dummy
3794 0 # dummy
3795 0 # dummy
3796 0 # dummy
3797 0 # dummy
3798 0 # dummy
3799 0 # dummy
3800 0 # dummy
3801 0 # dummy
3802 0 # dummy
3803 0 # dummy
3804 0 # dummy
3805 0 # dummy
3806 0 # dummy
3807 0 # dummy
3808 0 # dummy
3809 0 # dummy
3810 0 # dummy
3811 0 # dummy
3812 0 # dummy
3813 0 # dummy
3814 0 # dummy
3815 0 # dummy
3816 0 # dummy
3817 0 # dummy
3818 0 # dummy
3819 0 # dummy
3820 0 # dummy
3821 0 # dummy
3822 0 # dummy
3823 0 # dummy
3824 0 # dummy
3825 0 # dummy
3826 0 # dummy
3827 0 # dummy
3828 0 # dummy
3829 0 # dummy
3830 0 # dummy
3831 0 # dummy
3832 0 # dummy
3833 0 # dummy
3834 0 # dummy
3835 0 # dummy
3836 0 # dummy
3837 0 # dummy
3838 0 # dummy
3839 0 # dummy
3840 0 # dummy
3841 0 # dummy
3842 0 # dummy
3843 0 # dummy
3844 0 # dummy
3845 0 # dummy
3846 0 # dummy
3847 0 # dummy
3848 0 # dummy
3849 0 # dummy
3850 0 # dummy
3851 0 # dummy
3852 0 # dummy
3853 0 # dummy
3854 0 # dummy
3855 0 # dummy
3856 0 # dummy
3857 0 # dummy
3858 0 # dummy
3859 0 # dummy
3860 0 # dummy
3861 0 # dummy
3862 0 # dummy
3863 0 # dummy
3864 0 # dummy
3865 0 # dummy
3866 0 # dummy
3867 0 # dummy
3868 0 # dummy
3869 0 # dummy
3870 0 # dummy
3871 0 # dummy
3872 0 # dummy
3873 0 # dummy
3874 0 # dummy
3875 0 # dummy
3876 0 # dummy
3877 0 # dummy
3878 0 # dummy
3879 0 # dummy
3880 0 # dummy
3881 0 # dummy
3882 0 # dummy
3883 0 # dummy
3884 0 # dummy
3885 0 # dummy
3886 0 # dummy
3887 0 # dummy
3888 0 # dummy
3889 0 # dummy
3890 0 # dummy
3891 0 # dummy
3892 0 # dummy
3893 0 # dummy
3894 0 # dummy
3895 0 # dummy
3896 0 # dummy
3897 0 # dummy
3898 0 # dummy
3899 0 # dummy
3900 0 # dummy
3901 0 # dummy
3902 0 # dummy
3903 0 # dummy
3904 0 # dummy
3905 0 # dummy
3906 0 # dummy
3907 0 # dummy
3908 0 # dummy
3909 0 # dummy
3910 0 # dummy
3911 0 # dummy
3912 0 # dummy
3913 0 # dummy
3914 0 # dummy
3915 0 # dummy
3916 0 # dummy
3917 0 # dummy
3918 0 # dummy
3919 0 # dummy
3920 0 # dummy
3921 0 # dummy
3922 0 # dummy
3923 0 # dummy
3924 0 # dummy
3925 0 # dummy
3926 0 # dummy
3927 0 # dummy
3928 0 # dummy
3929 0 # dummy
3930 0 # dummy
3931 0 # dummy
3932 0 # dummy
3933 0 # dummy
3934 0 # dummy
3935 0 # dummy
3936 0 # dummy
3937 0 # dummy
3938 0 # dummy
3939 0 # dummy
3940 0 # dummy
3941 0 # dummy
3942 0 # dummy
3943 0 # dummy
3944 0 # dummy
3945 0 # dummy
3946 0 # dummy
3947 0 # dummy
3948 0 # dummy
3949 0 # dummy
3950 0 # dummy
3951 0 # dummy
3952 0 # dummy
3953 0 # dummy
3954 0 # dummy
3955 0 # dummy
3956 0 # dummy
3957 0 # dummy
3958 0 # dummy
3959 0 # dummy
3960 0 # dummy
3961 0 # dummy
3962 0 # dummy
3963 0 # dummy
3964 0 # dummy
3965 0 # dummy
3966 0 # dummy
3967 0 # dummy
3968 0 # dummy
3969 0 # dummy
3970 0 # dummy
3971 0 # dummy
3972 0 # dummy
3973 0 # dummy
3974 0 # dummy
3975 0 # dummy
3976 0 # dummy
3977 0 # dummy
3978 0 # dummy
3979 0 # dummy
3980 0 # dummy
3981 0 # dummy
3982 0 # dummy
3983 0 # dummy
3984 0 # dummy
3985 0 # dummy
3986 0 # dummy
3987 0 # dummy
3988 0 # dummy
3989 0 # dummy
3990 0 # dummy
3991 0 # dummy
3992 0 # dummy
3993 0 # dummy
3994 0 # dummy
3995 0 # dummy
3996 0 # dummy
3997 0 # dummy
3998 0 # dummy
3999 0 # dummy
4000 0 # dummy
4001 0 # dummy
4002 0 # dummy
4003 0 # dummy
4004 0 # dummy
4005 0 # dummy
4006 0 # dummy
4007 0 # dummy
4008 0 # dummy
4009 0 # dummy
4010 0 # dummy
4011 0 # dummy
4012 0 # dummy
4013 0 # dummy
4014 0 # dummy
4015 0 # dummy
4016 0 # dummy
4017 0 # dummy
4018 0 # dummy
4019 0 # dummy
4020 0 # dummy
4021 0 # dummy
4022 0 # dummy
4023 0 # dummy
4024 0 # dummy
4025 0 # dummy
4026 0 # dummy
4027 0 # dummy
4028 0 # dummy
4029 0 # dummy
4030 0 # dummy
4031 0 # dummy
4032 0 # dummy
4033 0 # dummy
4034 0 # dummy
4035 0 # dummy
4036 0 # dummy
4037 0 # dummy
4038 0 # dummy
4039 0 # dummy
4040 0 # dummy
4041 0 # dummy
4042 0 # dummy
4043 0 # dummy
4044 0 # dummy
4045 0 # dummy
4046 0 # dummy
4047 0 # dummy
4048 0 # dummy
4049 0 # dummy
4050 0 # dummy
4051 0 # dummy
4052 0 # dummy
4053 0 # dummy
4054 0 # dummy
4055 0 # dummy
4056 0 # dummy
4057 0 # dummy
4058 0 # dummy
4059 0 # dummy
4060 0 # dummy
4061 0 # dummy
4062 0 # dummy
4063 0 # dummy
4064 0 # dummy
4065 0 # dummy
4066 0 # dummy
4067 0 # dummy
4068 0 # dummy
4069 0 # dummy
4070 0 # dummy
4071 0 # dummy
4072 0 # dummy
4073 0 # dummy
4074 0 # dummy
4075 0 # dummy
4076 0 # dummy
4077 0 # dummy
4078 0 # dummy
4079 0 # dummy
4080 0 # dummy
4081 0 # dummy
4082 0 # dummy
4083 0 # dummy
4084 0 # dummy
4085 0 # dummy
4086 0 # dummy
4087 0 # dummy
4088 0 # dummy
4089 0 # dummy
4090 0 # dummy
4091 0 # dummy
4092 0 # dummy
4093 0 # dummy
4094 0 # dummy
4095 0 # dummy
