# address to addend+multiplicative factor LUT
# maps 12 bits to 18 bits
# 18 bits = (addend<<10) + multiplier)
# addend is signed 8 bits, multiplier is 10 bits
# anything after # is ignored with the exception of the header
# the header is first valid line starting with #<header> versionStr nrBitsAddress nrBitsData </header>
#<header> v1 12 18 </header>
0 512  # compresses ieta bin 0, pt 0
1 30719
2 29695
3 29695
4 29695
5 28671
6 28671
7 27647
8 27647
9 27647
10 27647
11 27647
12 26623
13 26623
14 25599
15 25599
16 25599
17 24575
18 24575
19 21503
20 20479
21 18431
22 17407
23 14335
24 13311
25 11263
26 10239
27 8191
28 6143
29 4095
30 1022
31 1013
32 1006
33 998
34 984
35 974
36 966
37 958
38 950
39 940
40 934
41 928
42 921
43 913
44 903
45 899
46 895
47 889
48 881
49 871
50 866
51 857
52 850
53 846
54 840
55 832
56 826
57 823
58 818
59 815
60 812
61 810
62 790
63 778
64 512  # compresses ieta bin 1, pt 0
65 30719
66 29695
67 29695
68 30719
69 28671
70 28671
71 27647
72 27647
73 27647
74 27647
75 27647
76 26623
77 26623
78 25599
79 25599
80 25599
81 24575
82 24575
83 21503
84 20479
85 18431
86 17407
87 15359
88 14335
89 12287
90 10239
91 8191
92 6143
93 4095
94 1022
95 1013
96 1006
97 998
98 988
99 974
100 966
101 958
102 950
103 943
104 934
105 931
106 923
107 915
108 905
109 901
110 897
111 892
112 885
113 875
114 870
115 863
116 855
117 852
118 845
119 837
120 831
121 827
122 822
123 820
124 817
125 816
126 796
127 784
128 512  # compresses ieta bin 2, pt 0
129 30719
130 29695
131 30719
132 29695
133 28671
134 28671
135 27647
136 27647
137 27647
138 27647
139 27647
140 27647
141 26623
142 25599
143 25599
144 25599
145 24575
146 24575
147 21503
148 21503
149 19455
150 17407
151 16383
152 14335
153 12287
154 10239
155 8191
156 7167
157 5119
158 2047
159 1018
160 1010
161 1002
162 991
163 978
164 973
165 964
166 957
167 947
168 940
169 934
170 929
171 918
172 911
173 907
174 903
175 894
176 887
177 877
178 872
179 863
180 855
181 852
182 845
183 837
184 831
185 827
186 822
187 820
188 817
189 816
190 796
191 784
192 512  # compresses ieta bin 3, pt 0
193 31743
194 30719
195 31743
196 31743
197 30719
198 29695
199 29695
200 29695
201 29695
202 29695
203 28671
204 29695
205 28671
206 28671
207 27647
208 27647
209 26623
210 25599
211 23551
212 22527
213 21503
214 19455
215 18431
216 16383
217 14335
218 12287
219 10239
220 9215
221 7167
222 5119
223 3071
224 1022
225 1014
226 1003
227 993
228 983
229 975
230 967
231 956
232 946
233 940
234 934
235 924
236 916
237 912
238 908
239 901
240 892
241 881
242 876
243 867
244 859
245 855
246 850
247 840
248 836
249 832
250 827
251 823
252 820
253 818
254 799
255 787
256 512  # compresses ieta bin 4, pt 0
257 31743
258 30719
259 31743
260 31743
261 30719
262 29695
263 29695
264 29695
265 29695
266 29695
267 28671
268 29695
269 28671
270 28671
271 27647
272 27647
273 26623
274 25599
275 23551
276 22527
277 21503
278 19455
279 18431
280 16383
281 14335
282 12287
283 10239
284 9215
285 7167
286 5119
287 3071
288 1022
289 1014
290 1003
291 993
292 983
293 975
294 967
295 956
296 946
297 940
298 934
299 926
300 916
301 912
302 908
303 901
304 892
305 881
306 876
307 869
308 861
309 855
310 850
311 842
312 837
313 833
314 828
315 825
316 821
317 820
318 799
319 788
320 512  # compresses ieta bin 5, pt 0
321 31743
322 30719
323 31743
324 31743
325 29695
326 30719
327 29695
328 29695
329 29695
330 29695
331 28671
332 29695
333 29695
334 28671
335 27647
336 27647
337 26623
338 25599
339 23551
340 22527
341 21503
342 20479
343 18431
344 17407
345 15359
346 13311
347 11263
348 9215
349 8191
350 6143
351 3071
352 2047
353 1018
354 1007
355 993
356 987
357 975
358 967
359 959
360 949
361 943
362 937
363 929
364 919
365 914
366 910
367 903
368 894
369 884
370 878
371 869
372 861
373 857
374 852
375 843
376 839
377 833
378 830
379 826
380 823
381 821
382 801
383 789
384 512  # compresses ieta bin 6, pt 0
385 31743
386 30719
387 31743
388 31743
389 30719
390 29695
391 29695
392 29695
393 29695
394 29695
395 28671
396 29695
397 28671
398 28671
399 27647
400 27647
401 26623
402 25599
403 23551
404 22527
405 21503
406 19455
407 18431
408 16383
409 15359
410 13311
411 11263
412 9215
413 7167
414 5119
415 3071
416 2045
417 1018
418 1007
419 993
420 983
421 975
422 967
423 956
424 949
425 943
426 937
427 926
428 916
429 912
430 910
431 901
432 892
433 881
434 876
435 867
436 859
437 855
438 850
439 840
440 837
441 832
442 827
443 823
444 820
445 820
446 799
447 787
448 512  # compresses ieta bin 7, pt 0
449 31743
450 30719
451 31743
452 31743
453 30719
454 29695
455 29695
456 29695
457 29695
458 29695
459 28671
460 29695
461 28671
462 28671
463 27647
464 27647
465 26623
466 25599
467 23551
468 22527
469 21503
470 19455
471 18431
472 16383
473 15359
474 13311
475 11263
476 9215
477 7167
478 5119
479 3071
480 2045
481 1018
482 1007
483 993
484 983
485 975
486 967
487 956
488 949
489 943
490 937
491 926
492 916
493 912
494 910
495 901
496 892
497 881
498 876
499 867
500 859
501 855
502 850
503 840
504 837
505 832
506 827
507 823
508 820
509 820
510 799
511 787
512 512  # compresses ieta bin 8, pt 0
513 31743
514 31743
515 31743
516 31743
517 30719
518 30719
519 29695
520 29695
521 29695
522 29695
523 28671
524 29695
525 29695
526 28671
527 27647
528 28671
529 26623
530 26623
531 24575
532 23551
533 22527
534 21503
535 19455
536 17407
537 16383
538 13311
539 11263
540 10239
541 8191
542 5119
543 3071
544 2047
545 1018
546 1007
547 993
548 983
549 975
550 967
551 956
552 949
553 943
554 937
555 926
556 916
557 914
558 910
559 901
560 892
561 881
562 876
563 869
564 861
565 855
566 850
567 842
568 837
569 832
570 827
571 825
572 821
573 820
574 799
575 787
576 512  # compresses ieta bin 9, pt 0
577 33791
578 32767
579 33791
580 33791
581 33791
582 33791
583 32767
584 32767
585 32767
586 32767
587 31743
588 32767
589 31743
590 30719
591 29695
592 29695
593 28671
594 27647
595 25599
596 24575
597 23551
598 22527
599 20479
600 18431
601 17407
602 14335
603 12287
604 10239
605 9215
606 7167
607 4095
608 3071
609 1022
610 1011
611 1000
612 990
613 982
614 974
615 966
616 958
617 952
618 946
619 937
620 927
621 922
622 920
623 911
624 901
625 888
626 882
627 875
628 867
629 861
630 855
631 845
632 841
633 836
634 831
635 828
636 823
637 822
638 803
639 791
640 512  # compresses ieta bin 10, pt 0
641 33791
642 33791
643 34815
644 34815
645 33791
646 34815
647 34815
648 33791
649 33791
650 34815
651 32767
652 33791
653 32767
654 30719
655 29695
656 29695
657 29695
658 29695
659 26623
660 26623
661 25599
662 24575
663 23551
664 21503
665 19455
666 18431
667 16383
668 15359
669 13311
670 11263
671 8191
672 7167
673 5119
674 2047
675 1011
676 1001
677 988
678 980
679 972
680 965
681 961
682 954
683 943
684 932
685 930
686 925
687 918
688 905
689 894
690 888
691 881
692 874
693 868
694 862
695 853
696 849
697 844
698 837
699 833
700 830
701 828
702 809
703 798
704 512  # compresses ieta bin 11, pt 0
705 34815
706 34815
707 35839
708 35839
709 34815
710 34815
711 35839
712 35839
713 34815
714 35839
715 34815
716 35839
717 34815
718 33791
719 32767
720 33791
721 32767
722 32767
723 30719
724 29695
725 28671
726 27647
727 25599
728 24575
729 22527
730 20479
731 19455
732 17407
733 15359
734 13311
735 10239
736 9215
737 7167
738 4095
739 1015
740 1008
741 999
742 987
743 981
744 974
745 970
746 966
747 954
748 945
749 940
750 938
751 927
752 917
753 905
754 899
755 889
756 880
757 873
758 867
759 858
760 853
761 847
762 841
763 838
764 834
765 833
766 814
767 804
768 512  # compresses ieta bin 12, pt 0
769 37887
770 37887
771 38911
772 37887
773 35839
774 36863
775 36863
776 36863
777 36863
778 37887
779 36863
780 37887
781 36863
782 35839
783 34815
784 35839
785 34815
786 34815
787 32767
788 31743
789 30719
790 29695
791 28671
792 27647
793 26623
794 24575
795 22527
796 21503
797 19455
798 17407
799 14335
800 13311
801 11263
802 8191
803 4095
804 1022
805 1012
806 1003
807 994
808 986
809 984
810 977
811 965
812 953
813 948
814 943
815 935
816 924
817 911
818 907
819 896
820 883
821 878
822 872
823 865
824 858
825 852
826 847
827 843
828 839
829 839
830 820
831 809
832 512  # compresses ieta bin 13, pt 0
833 39935
834 39935
835 40959
836 40959
837 39935
838 39935
839 39935
840 40959
841 40959
842 41983
843 39935
844 40959
845 39935
846 39935
847 38911
848 38911
849 37887
850 37887
851 36863
852 35839
853 34815
854 32767
855 32767
856 31743
857 29695
858 28671
859 26623
860 25599
861 24575
862 22527
863 19455
864 18431
865 15359
866 12287
867 9215
868 8191
869 5119
870 2047
871 1016
872 1010
873 1005
874 1000
875 990
876 977
877 974
878 968
879 959
880 946
881 933
882 923
883 914
884 904
885 896
886 891
887 885
888 879
889 873
890 867
891 862
892 857
893 856
894 836
895 825
896 512  # compresses ieta bin 14, pt 0
897 40959
898 41983
899 43007
900 43007
901 40959
902 41983
903 41983
904 43007
905 43007
906 44031
907 41983
908 43007
909 41983
910 40959
911 39935
912 40959
913 39935
914 40959
915 39935
916 38911
917 37887
918 35839
919 35839
920 34815
921 33791
922 31743
923 30719
924 30719
925 28671
926 26623
927 24575
928 23551
929 22527
930 19455
931 16383
932 13311
933 10239
934 8191
935 5119
936 2047
937 1020
938 1011
939 1001
940 988
941 982
942 978
943 970
944 958
945 946
946 937
947 926
948 917
949 911
950 903
951 896
952 892
953 887
954 881
955 876
956 871
957 871
958 851
959 839
960 512  # compresses ieta bin 15, pt 0
961 41983
962 43007
963 44031
964 45055
965 43007
966 43007
967 43007
968 44031
969 45055
970 46079
971 45055
972 45055
973 44031
974 44031
975 44031
976 45055
977 44031
978 45055
979 44031
980 44031
981 43007
982 41983
983 41983
984 40959
985 39935
986 38911
987 37887
988 37887
989 35839
990 33791
991 31743
992 30719
993 29695
994 26623
995 24575
996 22527
997 19455
998 18431
999 15359
1000 12287
1001 11263
1002 8191
1003 5119
1004 1023
1005 1015
1006 1010
1007 1004
1008 998
1009 987
1010 978
1011 965
1012 954
1013 948
1014 943
1015 936
1016 930
1017 924
1018 915
1019 908
1020 904
1021 902
1022 884
1023 872
1024 512  # compresses ieta bin 16, pt 0
1025 41983
1026 43007
1027 44031
1028 45055
1029 43007
1030 43007
1031 43007
1032 44031
1033 45055
1034 46079
1035 44031
1036 45055
1037 44031
1038 44031
1039 44031
1040 45055
1041 44031
1042 45055
1043 44031
1044 43007
1045 43007
1046 40959
1047 40959
1048 40959
1049 38911
1050 37887
1051 36863
1052 36863
1053 34815
1054 33791
1055 30719
1056 29695
1057 28671
1058 25599
1059 23551
1060 20479
1061 18431
1062 17407
1063 14335
1064 11263
1065 9215
1066 7167
1067 3071
1068 1017
1069 1013
1070 1005
1071 1002
1072 994
1073 982
1074 972
1075 961
1076 949
1077 943
1078 938
1079 931
1080 925
1081 919
1082 911
1083 903
1084 900
1085 898
1086 879
1087 868
1088 512  # compresses ieta bin 17, pt 0
1089 34815
1090 34815
1091 35839
1092 35839
1093 34815
1094 34815
1095 35839
1096 35839
1097 35839
1098 35839
1099 33791
1100 34815
1101 34815
1102 33791
1103 32767
1104 32767
1105 32767
1106 31743
1107 28671
1108 27647
1109 26623
1110 24575
1111 22527
1112 21503
1113 19455
1114 18431
1115 17407
1116 16383
1117 15359
1118 12287
1119 9215
1120 7167
1121 5119
1122 3071
1123 1011
1124 1001
1125 992
1126 980
1127 969
1128 962
1129 958
1130 954
1131 943
1132 932
1133 927
1134 923
1135 915
1136 905
1137 894
1138 888
1139 881
1140 874
1141 866
1142 857
1143 852
1144 849
1145 843
1146 837
1147 832
1148 828
1149 825
1150 806
1151 796
1152 512  # compresses ieta bin 18, pt 0
1153 34815
1154 33791
1155 34815
1156 34815
1157 32767
1158 33791
1159 33791
1160 33791
1161 32767
1162 33791
1163 31743
1164 32767
1165 32767
1166 30719
1167 29695
1168 29695
1169 29695
1170 29695
1171 26623
1172 24575
1173 23551
1174 22527
1175 20479
1176 18431
1177 16383
1178 14335
1179 11263
1180 10239
1181 9215
1182 6143
1183 4095
1184 1022
1185 1014
1186 1003
1187 993
1188 983
1189 975
1190 963
1191 959
1192 952
1193 946
1194 943
1195 929
1196 916
1197 912
1198 908
1199 899
1200 890
1201 877
1202 872
1203 861
1204 852
1205 844
1206 836
1207 827
1208 822
1209 815
1210 809
1211 805
1212 798
1213 794
1214 777
1215 764
1216 512  # compresses ieta bin 19, pt 0
1217 33791
1218 33791
1219 33791
1220 33791
1221 31743
1222 31743
1223 32767
1224 31743
1225 30719
1226 31743
1227 29695
1228 30719
1229 30719
1230 28671
1231 27647
1232 27647
1233 27647
1234 27647
1235 24575
1236 22527
1237 21503
1238 20479
1239 18431
1240 15359
1241 13311
1242 11263
1243 10239
1244 8191
1245 6143
1246 4095
1247 1022
1248 1014
1249 1006
1250 995
1251 982
1252 973
1253 961
1254 954
1255 950
1256 944
1257 940
1258 937
1259 924
1260 911
1261 907
1262 903
1263 894
1264 883
1265 873
1266 866
1267 857
1268 850
1269 843
1270 835
1271 825
1272 820
1273 815
1274 809
1275 803
1276 798
1277 794
1278 775
1279 764
1280 512  # compresses ieta bin 20, pt 0
1281 32767
1282 31743
1283 31743
1284 31743
1285 30719
1286 30719
1287 31743
1288 29695
1289 29695
1290 29695
1291 27647
1292 28671
1293 26623
1294 24575
1295 23551
1296 23551
1297 23551
1298 23551
1299 21503
1300 20479
1301 20479
1302 19455
1303 16383
1304 14335
1305 12287
1306 10239
1307 8191
1308 6143
1309 4095
1310 2046
1311 1013
1312 1006
1313 1002
1314 988
1315 974
1316 966
1317 954
1318 947
1319 940
1320 934
1321 925
1322 917
1323 904
1324 895
1325 891
1326 885
1327 875
1328 865
1329 853
1330 847
1331 842
1332 839
1333 836
1334 826
1335 815
1336 812
1337 807
1338 800
1339 795
1340 790
1341 786
1342 769
1343 757
1344 512  # compresses ieta bin 21, pt 0
1345 30719
1346 29695
1347 29695
1348 29695
1349 28671
1350 27647
1351 27647
1352 26623
1353 25599
1354 26623
1355 23551
1356 24575
1357 23551
1358 22527
1359 21503
1360 21503
1361 20479
1362 20479
1363 17407
1364 16383
1365 15359
1366 13311
1367 11263
1368 8191
1369 6143
1370 4095
1371 1022
1372 1013
1373 1008
1374 1000
1375 987
1376 980
1377 974
1378 968
1379 948
1380 941
1381 930
1382 921
1383 915
1384 910
1385 908
1386 903
1387 891
1388 881
1389 876
1390 870
1391 863
1392 853
1393 843
1394 835
1395 828
1396 824
1397 818
1398 812
1399 805
1400 802
1401 798
1402 791
1403 783
1404 780
1405 776
1406 759
1407 747
1408 512  # compresses ieta bin 22, pt 0
1409 27647
1410 27647
1411 27647
1412 27647
1413 26623
1414 26623
1415 24575
1416 24575
1417 23551
1418 23551
1419 20479
1420 21503
1421 20479
1422 20479
1423 18431
1424 18431
1425 16383
1426 15359
1427 12287
1428 10239
1429 9215
1430 6143
1431 4095
1432 2046
1433 1016
1434 1006
1435 992
1436 988
1437 980
1438 973
1439 961
1440 951
1441 945
1442 937
1443 922
1444 916
1445 906
1446 898
1447 893
1448 885
1449 881
1450 878
1451 869
1452 860
1453 857
1454 850
1455 844
1456 833
1457 825
1458 819
1459 812
1460 807
1461 800
1462 795
1463 787
1464 783
1465 778
1466 775
1467 767
1468 763
1469 759
1470 742
1471 732
1472 512  # compresses ieta bin 23, pt 0
1473 25599
1474 24575
1475 24575
1476 24575
1477 22527
1478 22527
1479 21503
1480 21503
1481 20479
1482 20479
1483 18431
1484 19455
1485 18431
1486 17407
1487 16383
1488 16383
1489 14335
1490 12287
1491 9215
1492 8191
1493 6143
1494 3071
1495 1021
1496 1004
1497 994
1498 981
1499 971
1500 964
1501 953
1502 946
1503 936
1504 930
1505 925
1506 918
1507 904
1508 902
1509 889
1510 881
1511 874
1512 867
1513 864
1514 861
1515 852
1516 844
1517 839
1518 835
1519 825
1520 817
1521 813
1522 806
1523 801
1524 794
1525 789
1526 785
1527 776
1528 772
1529 767
1530 762
1531 756
1532 752
1533 749
1534 735
1535 726
1536 512  # compresses ieta bin 24, pt 0
1537 25599
1538 24575
1539 24575
1540 24575
1541 22527
1542 22527
1543 21503
1544 21503
1545 20479
1546 20479
1547 18431
1548 19455
1549 18431
1550 17407
1551 16383
1552 16383
1553 14335
1554 12287
1555 10239
1556 8191
1557 6143
1558 3071
1559 1021
1560 1004
1561 994
1562 981
1563 971
1564 964
1565 952
1566 946
1567 936
1568 930
1569 925
1570 918
1571 904
1572 898
1573 889
1574 881
1575 874
1576 867
1577 864
1578 861
1579 850
1580 844
1581 839
1582 832
1583 825
1584 817
1585 810
1586 806
1587 801
1588 794
1589 789
1590 785
1591 776
1592 772
1593 767
1594 762
1595 755
1596 752
1597 749
1598 734
1599 728
1600 512  # compresses ieta bin 25, pt 0
1601 26623
1602 25599
1603 26623
1604 25599
1605 24575
1606 24575
1607 23551
1608 22527
1609 21503
1610 21503
1611 19455
1612 20479
1613 19455
1614 18431
1615 17407
1616 17407
1617 14335
1618 13311
1619 10239
1620 8191
1621 6143
1622 3071
1623 1021
1624 1010
1625 994
1626 985
1627 971
1628 964
1629 952
1630 946
1631 927
1632 926
1633 921
1634 910
1635 896
1636 894
1637 883
1638 875
1639 868
1640 858
1641 855
1642 849
1643 841
1644 833
1645 826
1646 822
1647 815
1648 806
1649 800
1650 792
1651 787
1652 781
1653 776
1654 769
1655 761
1656 758
1657 752
1658 748
1659 740
1660 737
1661 734
1662 719
1663 711
1664 512  # compresses ieta bin 26, pt 0
1665 39935
1666 37887
1667 37887
1668 36863
1669 34815
1670 34815
1671 34815
1672 32767
1673 31743
1674 32767
1675 28671
1676 29695
1677 27647
1678 24575
1679 22527
1680 22527
1681 21503
1682 21503
1683 17407
1684 16383
1685 15359
1686 12287
1687 9215
1688 6143
1689 3071
1690 1021
1691 1002
1692 993
1693 985
1694 973
1695 961
1696 951
1697 945
1698 933
1699 915
1700 909
1701 896
1702 888
1703 880
1704 873
1705 867
1706 863
1707 852
1708 844
1709 837
1710 832
1711 825
1712 815
1713 808
1714 800
1715 795
1716 788
1717 784
1718 778
1719 769
1720 764
1721 760
1722 754
1723 747
1724 744
1725 741
1726 726
1727 716
1728 512  # compresses ieta bin 27, pt 0
1729 41983
1730 39935
1731 40959
1732 41983
1733 39935
1734 38911
1735 38911
1736 37887
1737 35839
1738 36863
1739 32767
1740 34815
1741 32767
1742 30719
1743 28671
1744 28671
1745 26623
1746 26623
1747 23551
1748 21503
1749 19455
1750 17407
1751 13311
1752 10239
1753 7167
1754 6143
1755 3071
1756 1018
1757 1008
1758 1000
1759 983
1760 976
1761 970
1762 957
1763 941
1764 934
1765 917
1766 908
1767 902
1768 891
1769 887
1770 880
1771 869
1772 860
1773 855
1774 850
1775 841
1776 828
1777 821
1778 815
1779 807
1780 801
1781 794
1782 788
1783 781
1784 775
1785 771
1786 766
1787 759
1788 755
1789 751
1790 737
1791 731
1792 512  # compresses ieta bin 28, pt 0
1793 16383
1794 16383
1795 14335
1796 13311
1797 13311
1798 12287
1799 7167
1800 6143
1801 5119
1802 5119
1803 5119
1804 4095
1805 3071
1806 1001
1807 985
1808 977
1809 979
1810 966
1811 955
1812 951
1813 942
1814 921
1815 914
1816 908
1817 891
1818 886
1819 881
1820 878
1821 855
1822 856
1823 849
1824 846
1825 844
1826 832
1827 815
1828 806
1829 797
1830 789
1831 782
1832 776
1833 775
1834 772
1835 761
1836 754
1837 754
1838 749
1839 731
1840 715
1841 709
1842 706
1843 705
1844 696
1845 694
1846 694
1847 690
1848 688
1849 688
1850 682
1851 679
1852 676
1853 671
1854 660
1855 655
1856 512  # compresses ieta bin 29, pt 0
1857 6143
1858 4095
1859 1004
1860 975
1861 977
1862 956
1863 933
1864 926
1865 907
1866 912
1867 907
1868 901
1869 888
1870 865
1871 861
1872 841
1873 839
1874 827
1875 801
1876 792
1877 791
1878 778
1879 765
1880 760
1881 749
1882 739
1883 736
1884 737
1885 734
1886 730
1887 727
1888 720
1889 714
1890 708
1891 696
1892 688
1893 685
1894 678
1895 672
1896 666
1897 664
1898 661
1899 657
1900 655
1901 653
1902 652
1903 647
1904 640
1905 630
1906 626
1907 623
1908 616
1909 614
1910 613
1911 612
1912 610
1913 610
1914 609
1915 610
1916 607
1917 603
1918 596
1919 591
1920 512  # compresses ieta bin 30, pt 0
1921 6143
1922 3071
1923 1001
1924 975
1925 966
1926 954
1927 933
1928 925
1929 898
1930 901
1931 896
1932 891
1933 879
1934 855
1935 845
1936 832
1937 822
1938 812
1939 794
1940 785
1941 785
1942 771
1943 760
1944 749
1945 739
1946 729
1947 726
1948 727
1949 724
1950 721
1951 718
1952 712
1953 710
1954 704
1955 692
1956 685
1957 681
1958 671
1959 665
1960 663
1961 661
1962 659
1963 654
1964 649
1965 648
1966 649
1967 645
1968 636
1969 628
1970 622
1971 619
1972 612
1973 610
1974 609
1975 607
1976 605
1977 605
1978 603
1979 604
1980 601
1981 597
1982 591
1983 586
1984 512  # compresses ieta bin 31, pt 0
1985 1001
1986 969
1987 927
1988 918
1989 910
1990 902
1991 862
1992 856
1993 829
1994 818
1995 814
1996 813
1997 803
1998 782
1999 781
2000 774
2001 772
2002 764
2003 750
2004 738
2005 739
2006 729
2007 718
2008 709
2009 700
2010 692
2011 686
2012 688
2013 687
2014 681
2015 679
2016 674
2017 669
2018 670
2019 659
2020 649
2021 644
2022 635
2023 631
2024 629
2025 628
2026 627
2027 621
2028 617
2029 617
2030 616
2031 614
2032 600
2033 595
2034 595
2035 594
2036 588
2037 587
2038 585
2039 584
2040 583
2041 582
2042 581
2043 582
2044 579
2045 574
2046 570
2047 564
2048 512  # compresses ieta bin 32, pt 0
2049 964
2050 936
2051 884
2052 863
2053 869
2054 852
2055 825
2056 821
2057 796
2058 795
2059 784
2060 783
2061 774
2062 755
2063 755
2064 747
2065 748
2066 734
2067 721
2068 710
2069 712
2070 697
2071 688
2072 680
2073 673
2074 666
2075 665
2076 660
2077 659
2078 658
2079 653
2080 649
2081 645
2082 638
2083 629
2084 624
2085 620
2086 612
2087 608
2088 605
2089 605
2090 605
2091 599
2092 596
2093 596
2094 594
2095 590
2096 577
2097 574
2098 571
2099 570
2100 566
2101 563
2102 561
2103 561
2104 561
2105 561
2106 560
2107 560
2108 559
2109 556
2110 550
2111 546
2112 512  # compresses ieta bin 33, pt 0
2113 964
2114 923
2115 883
2116 862
2117 869
2118 851
2119 824
2120 811
2121 796
2122 785
2123 784
2124 783
2125 773
2126 754
2127 747
2128 747
2129 741
2130 733
2131 721
2132 710
2133 706
2134 697
2135 683
2136 675
2137 668
2138 666
2139 660
2140 659
2141 659
2142 658
2143 653
2144 649
2145 645
2146 638
2147 629
2148 624
2149 620
2150 612
2151 608
2152 605
2153 605
2154 602
2155 596
2156 593
2157 594
2158 591
2159 588
2160 575
2161 572
2162 569
2163 568
2164 564
2165 560
2166 560
2167 559
2168 559
2169 559
2170 557
2171 557
2172 556
2173 554
2174 550
2175 545
2176 512  # compresses ieta bin 34, pt 0
2177 964
2178 936
2179 884
2180 863
2181 869
2182 852
2183 824
2184 811
2185 796
2186 786
2187 784
2188 783
2189 773
2190 754
2191 747
2192 747
2193 741
2194 733
2195 721
2196 710
2197 706
2198 697
2199 683
2200 675
2201 668
2202 666
2203 660
2204 659
2205 659
2206 658
2207 653
2208 649
2209 645
2210 638
2211 629
2212 624
2213 620
2214 612
2215 608
2216 605
2217 605
2218 602
2219 596
2220 593
2221 594
2222 591
2223 588
2224 575
2225 572
2226 567
2227 566
2228 560
2229 556
2230 556
2231 554
2232 554
2233 556
2234 554
2235 554
2236 553
2237 552
2238 547
2239 542
2240 512  # compresses ieta bin 35, pt 0
2241 985
2242 954
2243 913
2244 903
2245 896
2246 880
2247 860
2248 844
2249 819
2250 816
2251 806
2252 804
2253 801
2254 782
2255 773
2256 772
2257 764
2258 757
2259 743
2260 730
2261 719
2262 709
2263 694
2264 686
2265 678
2266 671
2267 666
2268 665
2269 663
2270 663
2271 653
2272 649
2273 645
2274 638
2275 629
2276 624
2277 620
2278 612
2279 608
2280 605
2281 605
2282 602
2283 596
2284 594
2285 594
2286 592
2287 588
2288 575
2289 572
2290 569
2291 566
2292 562
2293 556
2294 556
2295 556
2296 556
2297 556
2298 554
2299 554
2300 553
2301 552
2302 547
2303 543
2304 512  # compresses ieta bin 36, pt 0
2305 998
2306 955
2307 926
2308 904
2309 897
2310 890
2311 862
2312 856
2313 840
2314 827
2315 825
2316 823
2317 812
2318 791
2319 782
2320 781
2321 772
2322 764
2323 743
2324 731
2325 726
2326 715
2327 700
2328 692
2329 684
2330 677
2331 675
2332 674
2333 673
2334 667
2335 658
2336 653
2337 649
2338 646
2339 633
2340 628
2341 623
2342 619
2343 612
2344 608
2345 608
2346 605
2347 602
2348 596
2349 596
2350 594
2351 590
2352 577
2353 574
2354 569
2355 568
2356 562
2357 558
2358 558
2359 556
2360 556
2361 556
2362 556
2363 556
2364 554
2365 553
2366 548
2367 544
2368 512  # compresses ieta bin 37, pt 0
2369 998
2370 955
2371 926
2372 904
2373 897
2374 890
2375 862
2376 856
2377 840
2378 827
2379 825
2380 823
2381 812
2382 791
2383 782
2384 781
2385 772
2386 764
2387 743
2388 731
2389 726
2390 715
2391 700
2392 692
2393 684
2394 677
2395 675
2396 674
2397 673
2398 667
2399 658
2400 653
2401 649
2402 646
2403 633
2404 628
2405 623
2406 619
2407 612
2408 608
2409 608
2410 605
2411 602
2412 596
2413 596
2414 594
2415 590
2416 577
2417 574
2418 569
2419 568
2420 562
2421 558
2422 558
2423 556
2424 556
2425 556
2426 556
2427 556
2428 554
2429 553
2430 548
2431 544
2432 512  # compresses ieta bin 38, pt 0
2433 998
2434 955
2435 926
2436 904
2437 897
2438 890
2439 862
2440 856
2441 840
2442 827
2443 825
2444 823
2445 813
2446 791
2447 782
2448 781
2449 772
2450 764
2451 743
2452 731
2453 726
2454 715
2455 700
2456 692
2457 684
2458 677
2459 675
2460 674
2461 673
2462 667
2463 658
2464 653
2465 649
2466 646
2467 633
2468 628
2469 623
2470 619
2471 612
2472 608
2473 608
2474 605
2475 602
2476 596
2477 596
2478 594
2479 590
2480 577
2481 574
2482 569
2483 568
2484 562
2485 558
2486 558
2487 556
2488 556
2489 556
2490 556
2491 556
2492 554
2493 553
2494 548
2495 544
2496 512  # compresses ieta bin 39, pt 0
2497 998
2498 955
2499 926
2500 904
2501 897
2502 890
2503 862
2504 856
2505 840
2506 827
2507 825
2508 823
2509 820
2510 791
2511 783
2512 781
2513 772
2514 764
2515 743
2516 731
2517 726
2518 715
2519 700
2520 692
2521 684
2522 677
2523 675
2524 674
2525 673
2526 667
2527 658
2528 653
2529 649
2530 646
2531 633
2532 628
2533 623
2534 619
2535 612
2536 608
2537 608
2538 605
2539 602
2540 596
2541 596
2542 594
2543 590
2544 577
2545 574
2546 569
2547 568
2548 562
2549 558
2550 558
2551 556
2552 556
2553 556
2554 556
2555 556
2556 554
2557 553
2558 548
2559 544
2560 0 # dummy
2561 0 # dummy
2562 0 # dummy
2563 0 # dummy
2564 0 # dummy
2565 0 # dummy
2566 0 # dummy
2567 0 # dummy
2568 0 # dummy
2569 0 # dummy
2570 0 # dummy
2571 0 # dummy
2572 0 # dummy
2573 0 # dummy
2574 0 # dummy
2575 0 # dummy
2576 0 # dummy
2577 0 # dummy
2578 0 # dummy
2579 0 # dummy
2580 0 # dummy
2581 0 # dummy
2582 0 # dummy
2583 0 # dummy
2584 0 # dummy
2585 0 # dummy
2586 0 # dummy
2587 0 # dummy
2588 0 # dummy
2589 0 # dummy
2590 0 # dummy
2591 0 # dummy
2592 0 # dummy
2593 0 # dummy
2594 0 # dummy
2595 0 # dummy
2596 0 # dummy
2597 0 # dummy
2598 0 # dummy
2599 0 # dummy
2600 0 # dummy
2601 0 # dummy
2602 0 # dummy
2603 0 # dummy
2604 0 # dummy
2605 0 # dummy
2606 0 # dummy
2607 0 # dummy
2608 0 # dummy
2609 0 # dummy
2610 0 # dummy
2611 0 # dummy
2612 0 # dummy
2613 0 # dummy
2614 0 # dummy
2615 0 # dummy
2616 0 # dummy
2617 0 # dummy
2618 0 # dummy
2619 0 # dummy
2620 0 # dummy
2621 0 # dummy
2622 0 # dummy
2623 0 # dummy
2624 0 # dummy
2625 0 # dummy
2626 0 # dummy
2627 0 # dummy
2628 0 # dummy
2629 0 # dummy
2630 0 # dummy
2631 0 # dummy
2632 0 # dummy
2633 0 # dummy
2634 0 # dummy
2635 0 # dummy
2636 0 # dummy
2637 0 # dummy
2638 0 # dummy
2639 0 # dummy
2640 0 # dummy
2641 0 # dummy
2642 0 # dummy
2643 0 # dummy
2644 0 # dummy
2645 0 # dummy
2646 0 # dummy
2647 0 # dummy
2648 0 # dummy
2649 0 # dummy
2650 0 # dummy
2651 0 # dummy
2652 0 # dummy
2653 0 # dummy
2654 0 # dummy
2655 0 # dummy
2656 0 # dummy
2657 0 # dummy
2658 0 # dummy
2659 0 # dummy
2660 0 # dummy
2661 0 # dummy
2662 0 # dummy
2663 0 # dummy
2664 0 # dummy
2665 0 # dummy
2666 0 # dummy
2667 0 # dummy
2668 0 # dummy
2669 0 # dummy
2670 0 # dummy
2671 0 # dummy
2672 0 # dummy
2673 0 # dummy
2674 0 # dummy
2675 0 # dummy
2676 0 # dummy
2677 0 # dummy
2678 0 # dummy
2679 0 # dummy
2680 0 # dummy
2681 0 # dummy
2682 0 # dummy
2683 0 # dummy
2684 0 # dummy
2685 0 # dummy
2686 0 # dummy
2687 0 # dummy
2688 0 # dummy
2689 0 # dummy
2690 0 # dummy
2691 0 # dummy
2692 0 # dummy
2693 0 # dummy
2694 0 # dummy
2695 0 # dummy
2696 0 # dummy
2697 0 # dummy
2698 0 # dummy
2699 0 # dummy
2700 0 # dummy
2701 0 # dummy
2702 0 # dummy
2703 0 # dummy
2704 0 # dummy
2705 0 # dummy
2706 0 # dummy
2707 0 # dummy
2708 0 # dummy
2709 0 # dummy
2710 0 # dummy
2711 0 # dummy
2712 0 # dummy
2713 0 # dummy
2714 0 # dummy
2715 0 # dummy
2716 0 # dummy
2717 0 # dummy
2718 0 # dummy
2719 0 # dummy
2720 0 # dummy
2721 0 # dummy
2722 0 # dummy
2723 0 # dummy
2724 0 # dummy
2725 0 # dummy
2726 0 # dummy
2727 0 # dummy
2728 0 # dummy
2729 0 # dummy
2730 0 # dummy
2731 0 # dummy
2732 0 # dummy
2733 0 # dummy
2734 0 # dummy
2735 0 # dummy
2736 0 # dummy
2737 0 # dummy
2738 0 # dummy
2739 0 # dummy
2740 0 # dummy
2741 0 # dummy
2742 0 # dummy
2743 0 # dummy
2744 0 # dummy
2745 0 # dummy
2746 0 # dummy
2747 0 # dummy
2748 0 # dummy
2749 0 # dummy
2750 0 # dummy
2751 0 # dummy
2752 0 # dummy
2753 0 # dummy
2754 0 # dummy
2755 0 # dummy
2756 0 # dummy
2757 0 # dummy
2758 0 # dummy
2759 0 # dummy
2760 0 # dummy
2761 0 # dummy
2762 0 # dummy
2763 0 # dummy
2764 0 # dummy
2765 0 # dummy
2766 0 # dummy
2767 0 # dummy
2768 0 # dummy
2769 0 # dummy
2770 0 # dummy
2771 0 # dummy
2772 0 # dummy
2773 0 # dummy
2774 0 # dummy
2775 0 # dummy
2776 0 # dummy
2777 0 # dummy
2778 0 # dummy
2779 0 # dummy
2780 0 # dummy
2781 0 # dummy
2782 0 # dummy
2783 0 # dummy
2784 0 # dummy
2785 0 # dummy
2786 0 # dummy
2787 0 # dummy
2788 0 # dummy
2789 0 # dummy
2790 0 # dummy
2791 0 # dummy
2792 0 # dummy
2793 0 # dummy
2794 0 # dummy
2795 0 # dummy
2796 0 # dummy
2797 0 # dummy
2798 0 # dummy
2799 0 # dummy
2800 0 # dummy
2801 0 # dummy
2802 0 # dummy
2803 0 # dummy
2804 0 # dummy
2805 0 # dummy
2806 0 # dummy
2807 0 # dummy
2808 0 # dummy
2809 0 # dummy
2810 0 # dummy
2811 0 # dummy
2812 0 # dummy
2813 0 # dummy
2814 0 # dummy
2815 0 # dummy
2816 0 # dummy
2817 0 # dummy
2818 0 # dummy
2819 0 # dummy
2820 0 # dummy
2821 0 # dummy
2822 0 # dummy
2823 0 # dummy
2824 0 # dummy
2825 0 # dummy
2826 0 # dummy
2827 0 # dummy
2828 0 # dummy
2829 0 # dummy
2830 0 # dummy
2831 0 # dummy
2832 0 # dummy
2833 0 # dummy
2834 0 # dummy
2835 0 # dummy
2836 0 # dummy
2837 0 # dummy
2838 0 # dummy
2839 0 # dummy
2840 0 # dummy
2841 0 # dummy
2842 0 # dummy
2843 0 # dummy
2844 0 # dummy
2845 0 # dummy
2846 0 # dummy
2847 0 # dummy
2848 0 # dummy
2849 0 # dummy
2850 0 # dummy
2851 0 # dummy
2852 0 # dummy
2853 0 # dummy
2854 0 # dummy
2855 0 # dummy
2856 0 # dummy
2857 0 # dummy
2858 0 # dummy
2859 0 # dummy
2860 0 # dummy
2861 0 # dummy
2862 0 # dummy
2863 0 # dummy
2864 0 # dummy
2865 0 # dummy
2866 0 # dummy
2867 0 # dummy
2868 0 # dummy
2869 0 # dummy
2870 0 # dummy
2871 0 # dummy
2872 0 # dummy
2873 0 # dummy
2874 0 # dummy
2875 0 # dummy
2876 0 # dummy
2877 0 # dummy
2878 0 # dummy
2879 0 # dummy
2880 0 # dummy
2881 0 # dummy
2882 0 # dummy
2883 0 # dummy
2884 0 # dummy
2885 0 # dummy
2886 0 # dummy
2887 0 # dummy
2888 0 # dummy
2889 0 # dummy
2890 0 # dummy
2891 0 # dummy
2892 0 # dummy
2893 0 # dummy
2894 0 # dummy
2895 0 # dummy
2896 0 # dummy
2897 0 # dummy
2898 0 # dummy
2899 0 # dummy
2900 0 # dummy
2901 0 # dummy
2902 0 # dummy
2903 0 # dummy
2904 0 # dummy
2905 0 # dummy
2906 0 # dummy
2907 0 # dummy
2908 0 # dummy
2909 0 # dummy
2910 0 # dummy
2911 0 # dummy
2912 0 # dummy
2913 0 # dummy
2914 0 # dummy
2915 0 # dummy
2916 0 # dummy
2917 0 # dummy
2918 0 # dummy
2919 0 # dummy
2920 0 # dummy
2921 0 # dummy
2922 0 # dummy
2923 0 # dummy
2924 0 # dummy
2925 0 # dummy
2926 0 # dummy
2927 0 # dummy
2928 0 # dummy
2929 0 # dummy
2930 0 # dummy
2931 0 # dummy
2932 0 # dummy
2933 0 # dummy
2934 0 # dummy
2935 0 # dummy
2936 0 # dummy
2937 0 # dummy
2938 0 # dummy
2939 0 # dummy
2940 0 # dummy
2941 0 # dummy
2942 0 # dummy
2943 0 # dummy
2944 0 # dummy
2945 0 # dummy
2946 0 # dummy
2947 0 # dummy
2948 0 # dummy
2949 0 # dummy
2950 0 # dummy
2951 0 # dummy
2952 0 # dummy
2953 0 # dummy
2954 0 # dummy
2955 0 # dummy
2956 0 # dummy
2957 0 # dummy
2958 0 # dummy
2959 0 # dummy
2960 0 # dummy
2961 0 # dummy
2962 0 # dummy
2963 0 # dummy
2964 0 # dummy
2965 0 # dummy
2966 0 # dummy
2967 0 # dummy
2968 0 # dummy
2969 0 # dummy
2970 0 # dummy
2971 0 # dummy
2972 0 # dummy
2973 0 # dummy
2974 0 # dummy
2975 0 # dummy
2976 0 # dummy
2977 0 # dummy
2978 0 # dummy
2979 0 # dummy
2980 0 # dummy
2981 0 # dummy
2982 0 # dummy
2983 0 # dummy
2984 0 # dummy
2985 0 # dummy
2986 0 # dummy
2987 0 # dummy
2988 0 # dummy
2989 0 # dummy
2990 0 # dummy
2991 0 # dummy
2992 0 # dummy
2993 0 # dummy
2994 0 # dummy
2995 0 # dummy
2996 0 # dummy
2997 0 # dummy
2998 0 # dummy
2999 0 # dummy
3000 0 # dummy
3001 0 # dummy
3002 0 # dummy
3003 0 # dummy
3004 0 # dummy
3005 0 # dummy
3006 0 # dummy
3007 0 # dummy
3008 0 # dummy
3009 0 # dummy
3010 0 # dummy
3011 0 # dummy
3012 0 # dummy
3013 0 # dummy
3014 0 # dummy
3015 0 # dummy
3016 0 # dummy
3017 0 # dummy
3018 0 # dummy
3019 0 # dummy
3020 0 # dummy
3021 0 # dummy
3022 0 # dummy
3023 0 # dummy
3024 0 # dummy
3025 0 # dummy
3026 0 # dummy
3027 0 # dummy
3028 0 # dummy
3029 0 # dummy
3030 0 # dummy
3031 0 # dummy
3032 0 # dummy
3033 0 # dummy
3034 0 # dummy
3035 0 # dummy
3036 0 # dummy
3037 0 # dummy
3038 0 # dummy
3039 0 # dummy
3040 0 # dummy
3041 0 # dummy
3042 0 # dummy
3043 0 # dummy
3044 0 # dummy
3045 0 # dummy
3046 0 # dummy
3047 0 # dummy
3048 0 # dummy
3049 0 # dummy
3050 0 # dummy
3051 0 # dummy
3052 0 # dummy
3053 0 # dummy
3054 0 # dummy
3055 0 # dummy
3056 0 # dummy
3057 0 # dummy
3058 0 # dummy
3059 0 # dummy
3060 0 # dummy
3061 0 # dummy
3062 0 # dummy
3063 0 # dummy
3064 0 # dummy
3065 0 # dummy
3066 0 # dummy
3067 0 # dummy
3068 0 # dummy
3069 0 # dummy
3070 0 # dummy
3071 0 # dummy
3072 0 # dummy
3073 0 # dummy
3074 0 # dummy
3075 0 # dummy
3076 0 # dummy
3077 0 # dummy
3078 0 # dummy
3079 0 # dummy
3080 0 # dummy
3081 0 # dummy
3082 0 # dummy
3083 0 # dummy
3084 0 # dummy
3085 0 # dummy
3086 0 # dummy
3087 0 # dummy
3088 0 # dummy
3089 0 # dummy
3090 0 # dummy
3091 0 # dummy
3092 0 # dummy
3093 0 # dummy
3094 0 # dummy
3095 0 # dummy
3096 0 # dummy
3097 0 # dummy
3098 0 # dummy
3099 0 # dummy
3100 0 # dummy
3101 0 # dummy
3102 0 # dummy
3103 0 # dummy
3104 0 # dummy
3105 0 # dummy
3106 0 # dummy
3107 0 # dummy
3108 0 # dummy
3109 0 # dummy
3110 0 # dummy
3111 0 # dummy
3112 0 # dummy
3113 0 # dummy
3114 0 # dummy
3115 0 # dummy
3116 0 # dummy
3117 0 # dummy
3118 0 # dummy
3119 0 # dummy
3120 0 # dummy
3121 0 # dummy
3122 0 # dummy
3123 0 # dummy
3124 0 # dummy
3125 0 # dummy
3126 0 # dummy
3127 0 # dummy
3128 0 # dummy
3129 0 # dummy
3130 0 # dummy
3131 0 # dummy
3132 0 # dummy
3133 0 # dummy
3134 0 # dummy
3135 0 # dummy
3136 0 # dummy
3137 0 # dummy
3138 0 # dummy
3139 0 # dummy
3140 0 # dummy
3141 0 # dummy
3142 0 # dummy
3143 0 # dummy
3144 0 # dummy
3145 0 # dummy
3146 0 # dummy
3147 0 # dummy
3148 0 # dummy
3149 0 # dummy
3150 0 # dummy
3151 0 # dummy
3152 0 # dummy
3153 0 # dummy
3154 0 # dummy
3155 0 # dummy
3156 0 # dummy
3157 0 # dummy
3158 0 # dummy
3159 0 # dummy
3160 0 # dummy
3161 0 # dummy
3162 0 # dummy
3163 0 # dummy
3164 0 # dummy
3165 0 # dummy
3166 0 # dummy
3167 0 # dummy
3168 0 # dummy
3169 0 # dummy
3170 0 # dummy
3171 0 # dummy
3172 0 # dummy
3173 0 # dummy
3174 0 # dummy
3175 0 # dummy
3176 0 # dummy
3177 0 # dummy
3178 0 # dummy
3179 0 # dummy
3180 0 # dummy
3181 0 # dummy
3182 0 # dummy
3183 0 # dummy
3184 0 # dummy
3185 0 # dummy
3186 0 # dummy
3187 0 # dummy
3188 0 # dummy
3189 0 # dummy
3190 0 # dummy
3191 0 # dummy
3192 0 # dummy
3193 0 # dummy
3194 0 # dummy
3195 0 # dummy
3196 0 # dummy
3197 0 # dummy
3198 0 # dummy
3199 0 # dummy
3200 0 # dummy
3201 0 # dummy
3202 0 # dummy
3203 0 # dummy
3204 0 # dummy
3205 0 # dummy
3206 0 # dummy
3207 0 # dummy
3208 0 # dummy
3209 0 # dummy
3210 0 # dummy
3211 0 # dummy
3212 0 # dummy
3213 0 # dummy
3214 0 # dummy
3215 0 # dummy
3216 0 # dummy
3217 0 # dummy
3218 0 # dummy
3219 0 # dummy
3220 0 # dummy
3221 0 # dummy
3222 0 # dummy
3223 0 # dummy
3224 0 # dummy
3225 0 # dummy
3226 0 # dummy
3227 0 # dummy
3228 0 # dummy
3229 0 # dummy
3230 0 # dummy
3231 0 # dummy
3232 0 # dummy
3233 0 # dummy
3234 0 # dummy
3235 0 # dummy
3236 0 # dummy
3237 0 # dummy
3238 0 # dummy
3239 0 # dummy
3240 0 # dummy
3241 0 # dummy
3242 0 # dummy
3243 0 # dummy
3244 0 # dummy
3245 0 # dummy
3246 0 # dummy
3247 0 # dummy
3248 0 # dummy
3249 0 # dummy
3250 0 # dummy
3251 0 # dummy
3252 0 # dummy
3253 0 # dummy
3254 0 # dummy
3255 0 # dummy
3256 0 # dummy
3257 0 # dummy
3258 0 # dummy
3259 0 # dummy
3260 0 # dummy
3261 0 # dummy
3262 0 # dummy
3263 0 # dummy
3264 0 # dummy
3265 0 # dummy
3266 0 # dummy
3267 0 # dummy
3268 0 # dummy
3269 0 # dummy
3270 0 # dummy
3271 0 # dummy
3272 0 # dummy
3273 0 # dummy
3274 0 # dummy
3275 0 # dummy
3276 0 # dummy
3277 0 # dummy
3278 0 # dummy
3279 0 # dummy
3280 0 # dummy
3281 0 # dummy
3282 0 # dummy
3283 0 # dummy
3284 0 # dummy
3285 0 # dummy
3286 0 # dummy
3287 0 # dummy
3288 0 # dummy
3289 0 # dummy
3290 0 # dummy
3291 0 # dummy
3292 0 # dummy
3293 0 # dummy
3294 0 # dummy
3295 0 # dummy
3296 0 # dummy
3297 0 # dummy
3298 0 # dummy
3299 0 # dummy
3300 0 # dummy
3301 0 # dummy
3302 0 # dummy
3303 0 # dummy
3304 0 # dummy
3305 0 # dummy
3306 0 # dummy
3307 0 # dummy
3308 0 # dummy
3309 0 # dummy
3310 0 # dummy
3311 0 # dummy
3312 0 # dummy
3313 0 # dummy
3314 0 # dummy
3315 0 # dummy
3316 0 # dummy
3317 0 # dummy
3318 0 # dummy
3319 0 # dummy
3320 0 # dummy
3321 0 # dummy
3322 0 # dummy
3323 0 # dummy
3324 0 # dummy
3325 0 # dummy
3326 0 # dummy
3327 0 # dummy
3328 0 # dummy
3329 0 # dummy
3330 0 # dummy
3331 0 # dummy
3332 0 # dummy
3333 0 # dummy
3334 0 # dummy
3335 0 # dummy
3336 0 # dummy
3337 0 # dummy
3338 0 # dummy
3339 0 # dummy
3340 0 # dummy
3341 0 # dummy
3342 0 # dummy
3343 0 # dummy
3344 0 # dummy
3345 0 # dummy
3346 0 # dummy
3347 0 # dummy
3348 0 # dummy
3349 0 # dummy
3350 0 # dummy
3351 0 # dummy
3352 0 # dummy
3353 0 # dummy
3354 0 # dummy
3355 0 # dummy
3356 0 # dummy
3357 0 # dummy
3358 0 # dummy
3359 0 # dummy
3360 0 # dummy
3361 0 # dummy
3362 0 # dummy
3363 0 # dummy
3364 0 # dummy
3365 0 # dummy
3366 0 # dummy
3367 0 # dummy
3368 0 # dummy
3369 0 # dummy
3370 0 # dummy
3371 0 # dummy
3372 0 # dummy
3373 0 # dummy
3374 0 # dummy
3375 0 # dummy
3376 0 # dummy
3377 0 # dummy
3378 0 # dummy
3379 0 # dummy
3380 0 # dummy
3381 0 # dummy
3382 0 # dummy
3383 0 # dummy
3384 0 # dummy
3385 0 # dummy
3386 0 # dummy
3387 0 # dummy
3388 0 # dummy
3389 0 # dummy
3390 0 # dummy
3391 0 # dummy
3392 0 # dummy
3393 0 # dummy
3394 0 # dummy
3395 0 # dummy
3396 0 # dummy
3397 0 # dummy
3398 0 # dummy
3399 0 # dummy
3400 0 # dummy
3401 0 # dummy
3402 0 # dummy
3403 0 # dummy
3404 0 # dummy
3405 0 # dummy
3406 0 # dummy
3407 0 # dummy
3408 0 # dummy
3409 0 # dummy
3410 0 # dummy
3411 0 # dummy
3412 0 # dummy
3413 0 # dummy
3414 0 # dummy
3415 0 # dummy
3416 0 # dummy
3417 0 # dummy
3418 0 # dummy
3419 0 # dummy
3420 0 # dummy
3421 0 # dummy
3422 0 # dummy
3423 0 # dummy
3424 0 # dummy
3425 0 # dummy
3426 0 # dummy
3427 0 # dummy
3428 0 # dummy
3429 0 # dummy
3430 0 # dummy
3431 0 # dummy
3432 0 # dummy
3433 0 # dummy
3434 0 # dummy
3435 0 # dummy
3436 0 # dummy
3437 0 # dummy
3438 0 # dummy
3439 0 # dummy
3440 0 # dummy
3441 0 # dummy
3442 0 # dummy
3443 0 # dummy
3444 0 # dummy
3445 0 # dummy
3446 0 # dummy
3447 0 # dummy
3448 0 # dummy
3449 0 # dummy
3450 0 # dummy
3451 0 # dummy
3452 0 # dummy
3453 0 # dummy
3454 0 # dummy
3455 0 # dummy
3456 0 # dummy
3457 0 # dummy
3458 0 # dummy
3459 0 # dummy
3460 0 # dummy
3461 0 # dummy
3462 0 # dummy
3463 0 # dummy
3464 0 # dummy
3465 0 # dummy
3466 0 # dummy
3467 0 # dummy
3468 0 # dummy
3469 0 # dummy
3470 0 # dummy
3471 0 # dummy
3472 0 # dummy
3473 0 # dummy
3474 0 # dummy
3475 0 # dummy
3476 0 # dummy
3477 0 # dummy
3478 0 # dummy
3479 0 # dummy
3480 0 # dummy
3481 0 # dummy
3482 0 # dummy
3483 0 # dummy
3484 0 # dummy
3485 0 # dummy
3486 0 # dummy
3487 0 # dummy
3488 0 # dummy
3489 0 # dummy
3490 0 # dummy
3491 0 # dummy
3492 0 # dummy
3493 0 # dummy
3494 0 # dummy
3495 0 # dummy
3496 0 # dummy
3497 0 # dummy
3498 0 # dummy
3499 0 # dummy
3500 0 # dummy
3501 0 # dummy
3502 0 # dummy
3503 0 # dummy
3504 0 # dummy
3505 0 # dummy
3506 0 # dummy
3507 0 # dummy
3508 0 # dummy
3509 0 # dummy
3510 0 # dummy
3511 0 # dummy
3512 0 # dummy
3513 0 # dummy
3514 0 # dummy
3515 0 # dummy
3516 0 # dummy
3517 0 # dummy
3518 0 # dummy
3519 0 # dummy
3520 0 # dummy
3521 0 # dummy
3522 0 # dummy
3523 0 # dummy
3524 0 # dummy
3525 0 # dummy
3526 0 # dummy
3527 0 # dummy
3528 0 # dummy
3529 0 # dummy
3530 0 # dummy
3531 0 # dummy
3532 0 # dummy
3533 0 # dummy
3534 0 # dummy
3535 0 # dummy
3536 0 # dummy
3537 0 # dummy
3538 0 # dummy
3539 0 # dummy
3540 0 # dummy
3541 0 # dummy
3542 0 # dummy
3543 0 # dummy
3544 0 # dummy
3545 0 # dummy
3546 0 # dummy
3547 0 # dummy
3548 0 # dummy
3549 0 # dummy
3550 0 # dummy
3551 0 # dummy
3552 0 # dummy
3553 0 # dummy
3554 0 # dummy
3555 0 # dummy
3556 0 # dummy
3557 0 # dummy
3558 0 # dummy
3559 0 # dummy
3560 0 # dummy
3561 0 # dummy
3562 0 # dummy
3563 0 # dummy
3564 0 # dummy
3565 0 # dummy
3566 0 # dummy
3567 0 # dummy
3568 0 # dummy
3569 0 # dummy
3570 0 # dummy
3571 0 # dummy
3572 0 # dummy
3573 0 # dummy
3574 0 # dummy
3575 0 # dummy
3576 0 # dummy
3577 0 # dummy
3578 0 # dummy
3579 0 # dummy
3580 0 # dummy
3581 0 # dummy
3582 0 # dummy
3583 0 # dummy
3584 0 # dummy
3585 0 # dummy
3586 0 # dummy
3587 0 # dummy
3588 0 # dummy
3589 0 # dummy
3590 0 # dummy
3591 0 # dummy
3592 0 # dummy
3593 0 # dummy
3594 0 # dummy
3595 0 # dummy
3596 0 # dummy
3597 0 # dummy
3598 0 # dummy
3599 0 # dummy
3600 0 # dummy
3601 0 # dummy
3602 0 # dummy
3603 0 # dummy
3604 0 # dummy
3605 0 # dummy
3606 0 # dummy
3607 0 # dummy
3608 0 # dummy
3609 0 # dummy
3610 0 # dummy
3611 0 # dummy
3612 0 # dummy
3613 0 # dummy
3614 0 # dummy
3615 0 # dummy
3616 0 # dummy
3617 0 # dummy
3618 0 # dummy
3619 0 # dummy
3620 0 # dummy
3621 0 # dummy
3622 0 # dummy
3623 0 # dummy
3624 0 # dummy
3625 0 # dummy
3626 0 # dummy
3627 0 # dummy
3628 0 # dummy
3629 0 # dummy
3630 0 # dummy
3631 0 # dummy
3632 0 # dummy
3633 0 # dummy
3634 0 # dummy
3635 0 # dummy
3636 0 # dummy
3637 0 # dummy
3638 0 # dummy
3639 0 # dummy
3640 0 # dummy
3641 0 # dummy
3642 0 # dummy
3643 0 # dummy
3644 0 # dummy
3645 0 # dummy
3646 0 # dummy
3647 0 # dummy
3648 0 # dummy
3649 0 # dummy
3650 0 # dummy
3651 0 # dummy
3652 0 # dummy
3653 0 # dummy
3654 0 # dummy
3655 0 # dummy
3656 0 # dummy
3657 0 # dummy
3658 0 # dummy
3659 0 # dummy
3660 0 # dummy
3661 0 # dummy
3662 0 # dummy
3663 0 # dummy
3664 0 # dummy
3665 0 # dummy
3666 0 # dummy
3667 0 # dummy
3668 0 # dummy
3669 0 # dummy
3670 0 # dummy
3671 0 # dummy
3672 0 # dummy
3673 0 # dummy
3674 0 # dummy
3675 0 # dummy
3676 0 # dummy
3677 0 # dummy
3678 0 # dummy
3679 0 # dummy
3680 0 # dummy
3681 0 # dummy
3682 0 # dummy
3683 0 # dummy
3684 0 # dummy
3685 0 # dummy
3686 0 # dummy
3687 0 # dummy
3688 0 # dummy
3689 0 # dummy
3690 0 # dummy
3691 0 # dummy
3692 0 # dummy
3693 0 # dummy
3694 0 # dummy
3695 0 # dummy
3696 0 # dummy
3697 0 # dummy
3698 0 # dummy
3699 0 # dummy
3700 0 # dummy
3701 0 # dummy
3702 0 # dummy
3703 0 # dummy
3704 0 # dummy
3705 0 # dummy
3706 0 # dummy
3707 0 # dummy
3708 0 # dummy
3709 0 # dummy
3710 0 # dummy
3711 0 # dummy
3712 0 # dummy
3713 0 # dummy
3714 0 # dummy
3715 0 # dummy
3716 0 # dummy
3717 0 # dummy
3718 0 # dummy
3719 0 # dummy
3720 0 # dummy
3721 0 # dummy
3722 0 # dummy
3723 0 # dummy
3724 0 # dummy
3725 0 # dummy
3726 0 # dummy
3727 0 # dummy
3728 0 # dummy
3729 0 # dummy
3730 0 # dummy
3731 0 # dummy
3732 0 # dummy
3733 0 # dummy
3734 0 # dummy
3735 0 # dummy
3736 0 # dummy
3737 0 # dummy
3738 0 # dummy
3739 0 # dummy
3740 0 # dummy
3741 0 # dummy
3742 0 # dummy
3743 0 # dummy
3744 0 # dummy
3745 0 # dummy
3746 0 # dummy
3747 0 # dummy
3748 0 # dummy
3749 0 # dummy
3750 0 # dummy
3751 0 # dummy
3752 0 # dummy
3753 0 # dummy
3754 0 # dummy
3755 0 # dummy
3756 0 # dummy
3757 0 # dummy
3758 0 # dummy
3759 0 # dummy
3760 0 # dummy
3761 0 # dummy
3762 0 # dummy
3763 0 # dummy
3764 0 # dummy
3765 0 # dummy
3766 0 # dummy
3767 0 # dummy
3768 0 # dummy
3769 0 # dummy
3770 0 # dummy
3771 0 # dummy
3772 0 # dummy
3773 0 # dummy
3774 0 # dummy
3775 0 # dummy
3776 0 # dummy
3777 0 # dummy
3778 0 # dummy
3779 0 # dummy
3780 0 # dummy
3781 0 # dummy
3782 0 # dummy
3783 0 # dummy
3784 0 # dummy
3785 0 # dummy
3786 0 # dummy
3787 0 # dummy
3788 0 # dummy
3789 0 # dummy
3790 0 # dummy
3791 0 # dummy
3792 0 # dummy
3793 0 # dummy
3794 0 # dummy
3795 0 # dummy
3796 0 # dummy
3797 0 # dummy
3798 0 # dummy
3799 0 # dummy
3800 0 # dummy
3801 0 # dummy
3802 0 # dummy
3803 0 # dummy
3804 0 # dummy
3805 0 # dummy
3806 0 # dummy
3807 0 # dummy
3808 0 # dummy
3809 0 # dummy
3810 0 # dummy
3811 0 # dummy
3812 0 # dummy
3813 0 # dummy
3814 0 # dummy
3815 0 # dummy
3816 0 # dummy
3817 0 # dummy
3818 0 # dummy
3819 0 # dummy
3820 0 # dummy
3821 0 # dummy
3822 0 # dummy
3823 0 # dummy
3824 0 # dummy
3825 0 # dummy
3826 0 # dummy
3827 0 # dummy
3828 0 # dummy
3829 0 # dummy
3830 0 # dummy
3831 0 # dummy
3832 0 # dummy
3833 0 # dummy
3834 0 # dummy
3835 0 # dummy
3836 0 # dummy
3837 0 # dummy
3838 0 # dummy
3839 0 # dummy
3840 0 # dummy
3841 0 # dummy
3842 0 # dummy
3843 0 # dummy
3844 0 # dummy
3845 0 # dummy
3846 0 # dummy
3847 0 # dummy
3848 0 # dummy
3849 0 # dummy
3850 0 # dummy
3851 0 # dummy
3852 0 # dummy
3853 0 # dummy
3854 0 # dummy
3855 0 # dummy
3856 0 # dummy
3857 0 # dummy
3858 0 # dummy
3859 0 # dummy
3860 0 # dummy
3861 0 # dummy
3862 0 # dummy
3863 0 # dummy
3864 0 # dummy
3865 0 # dummy
3866 0 # dummy
3867 0 # dummy
3868 0 # dummy
3869 0 # dummy
3870 0 # dummy
3871 0 # dummy
3872 0 # dummy
3873 0 # dummy
3874 0 # dummy
3875 0 # dummy
3876 0 # dummy
3877 0 # dummy
3878 0 # dummy
3879 0 # dummy
3880 0 # dummy
3881 0 # dummy
3882 0 # dummy
3883 0 # dummy
3884 0 # dummy
3885 0 # dummy
3886 0 # dummy
3887 0 # dummy
3888 0 # dummy
3889 0 # dummy
3890 0 # dummy
3891 0 # dummy
3892 0 # dummy
3893 0 # dummy
3894 0 # dummy
3895 0 # dummy
3896 0 # dummy
3897 0 # dummy
3898 0 # dummy
3899 0 # dummy
3900 0 # dummy
3901 0 # dummy
3902 0 # dummy
3903 0 # dummy
3904 0 # dummy
3905 0 # dummy
3906 0 # dummy
3907 0 # dummy
3908 0 # dummy
3909 0 # dummy
3910 0 # dummy
3911 0 # dummy
3912 0 # dummy
3913 0 # dummy
3914 0 # dummy
3915 0 # dummy
3916 0 # dummy
3917 0 # dummy
3918 0 # dummy
3919 0 # dummy
3920 0 # dummy
3921 0 # dummy
3922 0 # dummy
3923 0 # dummy
3924 0 # dummy
3925 0 # dummy
3926 0 # dummy
3927 0 # dummy
3928 0 # dummy
3929 0 # dummy
3930 0 # dummy
3931 0 # dummy
3932 0 # dummy
3933 0 # dummy
3934 0 # dummy
3935 0 # dummy
3936 0 # dummy
3937 0 # dummy
3938 0 # dummy
3939 0 # dummy
3940 0 # dummy
3941 0 # dummy
3942 0 # dummy
3943 0 # dummy
3944 0 # dummy
3945 0 # dummy
3946 0 # dummy
3947 0 # dummy
3948 0 # dummy
3949 0 # dummy
3950 0 # dummy
3951 0 # dummy
3952 0 # dummy
3953 0 # dummy
3954 0 # dummy
3955 0 # dummy
3956 0 # dummy
3957 0 # dummy
3958 0 # dummy
3959 0 # dummy
3960 0 # dummy
3961 0 # dummy
3962 0 # dummy
3963 0 # dummy
3964 0 # dummy
3965 0 # dummy
3966 0 # dummy
3967 0 # dummy
3968 0 # dummy
3969 0 # dummy
3970 0 # dummy
3971 0 # dummy
3972 0 # dummy
3973 0 # dummy
3974 0 # dummy
3975 0 # dummy
3976 0 # dummy
3977 0 # dummy
3978 0 # dummy
3979 0 # dummy
3980 0 # dummy
3981 0 # dummy
3982 0 # dummy
3983 0 # dummy
3984 0 # dummy
3985 0 # dummy
3986 0 # dummy
3987 0 # dummy
3988 0 # dummy
3989 0 # dummy
3990 0 # dummy
3991 0 # dummy
3992 0 # dummy
3993 0 # dummy
3994 0 # dummy
3995 0 # dummy
3996 0 # dummy
3997 0 # dummy
3998 0 # dummy
3999 0 # dummy
4000 0 # dummy
4001 0 # dummy
4002 0 # dummy
4003 0 # dummy
4004 0 # dummy
4005 0 # dummy
4006 0 # dummy
4007 0 # dummy
4008 0 # dummy
4009 0 # dummy
4010 0 # dummy
4011 0 # dummy
4012 0 # dummy
4013 0 # dummy
4014 0 # dummy
4015 0 # dummy
4016 0 # dummy
4017 0 # dummy
4018 0 # dummy
4019 0 # dummy
4020 0 # dummy
4021 0 # dummy
4022 0 # dummy
4023 0 # dummy
4024 0 # dummy
4025 0 # dummy
4026 0 # dummy
4027 0 # dummy
4028 0 # dummy
4029 0 # dummy
4030 0 # dummy
4031 0 # dummy
4032 0 # dummy
4033 0 # dummy
4034 0 # dummy
4035 0 # dummy
4036 0 # dummy
4037 0 # dummy
4038 0 # dummy
4039 0 # dummy
4040 0 # dummy
4041 0 # dummy
4042 0 # dummy
4043 0 # dummy
4044 0 # dummy
4045 0 # dummy
4046 0 # dummy
4047 0 # dummy
4048 0 # dummy
4049 0 # dummy
4050 0 # dummy
4051 0 # dummy
4052 0 # dummy
4053 0 # dummy
4054 0 # dummy
4055 0 # dummy
4056 0 # dummy
4057 0 # dummy
4058 0 # dummy
4059 0 # dummy
4060 0 # dummy
4061 0 # dummy
4062 0 # dummy
4063 0 # dummy
4064 0 # dummy
4065 0 # dummy
4066 0 # dummy
4067 0 # dummy
4068 0 # dummy
4069 0 # dummy
4070 0 # dummy
4071 0 # dummy
4072 0 # dummy
4073 0 # dummy
4074 0 # dummy
4075 0 # dummy
4076 0 # dummy
4077 0 # dummy
4078 0 # dummy
4079 0 # dummy
4080 0 # dummy
4081 0 # dummy
4082 0 # dummy
4083 0 # dummy
4084 0 # dummy
4085 0 # dummy
4086 0 # dummy
4087 0 # dummy
4088 0 # dummy
4089 0 # dummy
4090 0 # dummy
4091 0 # dummy
4092 0 # dummy
4093 0 # dummy
4094 0 # dummy
4095 0 # dummy
