# address to addend+multiplicative factor LUT
# maps 12 bits to 18 bits
# 18 bits = (addend<<10) + multiplier)
# addend is signed 8 bits, multiplier is 10 bits
# anything after # is ignored with the exception of the header
# the header is first valid line starting with #<header> versionStr nrBitsAddress nrBitsData </header>
#<header> v1 12 18 </header>
0 512  # compresses ieta bin 0, pt 0
1 981
2 968
3 956
4 934
5 926
6 928
7 921
8 915
9 907
10 891
11 877
12 882
13 878
14 864
15 852
16 849
17 847
18 834
19 823
20 820
21 804
22 790
23 783
24 771
25 761
26 751
27 746
28 742
29 738
30 735
31 727
32 720
33 718
34 716
35 707
36 702
37 695
38 694
39 684
40 681
41 676
42 676
43 673
44 668
45 666
46 664
47 655
48 652
49 649
50 645
51 644
52 642
53 633
54 633
55 629
56 628
57 625
58 624
59 622
60 621
61 619
62 615
63 611
64 512  # compresses ieta bin 1, pt 0
65 947
66 936
67 926
68 903
69 896
70 890
71 884
72 881
73 874
74 861
75 857
76 862
77 858
78 846
79 826
80 824
81 840
82 827
83 809
84 800
85 798
86 790
87 777
88 766
89 761
90 751
91 746
92 742
93 734
94 735
95 723
96 720
97 718
98 712
99 707
100 702
101 695
102 691
103 684
104 681
105 675
106 676
107 673
108 666
109 666
110 664
111 655
112 652
113 649
114 647
115 644
116 642
117 633
118 633
119 630
120 628
121 625
122 624
123 622
124 621
125 619
126 615
127 611
128 512  # compresses ieta bin 2, pt 0
129 998
130 985
131 973
132 962
133 951
134 942
135 921
136 925
137 907
138 891
139 886
140 883
141 877
142 864
143 853
144 849
145 847
146 834
147 823
148 813
149 805
150 796
151 783
152 771
153 765
154 750
155 746
156 746
157 738
158 735
159 727
160 720
161 718
162 716
163 707
164 702
165 695
166 694
167 687
168 681
169 678
170 676
171 673
172 668
173 666
174 664
175 657
176 652
177 651
178 647
179 644
180 644
181 635
182 635
183 632
184 631
185 626
186 625
187 624
188 622
189 620
190 617
191 611
192 512  # compresses ieta bin 3, pt 0
193 998
194 985
195 974
196 962
197 952
198 954
199 933
200 926
201 918
202 901
203 896
204 892
205 887
206 874
207 863
208 859
209 863
210 850
211 838
212 827
213 818
214 803
215 795
216 783
217 777
218 765
219 760
220 756
221 748
222 748
223 736
224 733
225 730
226 724
227 718
228 713
229 705
230 704
231 697
232 690
233 687
234 684
235 681
236 676
237 674
238 674
239 667
240 661
241 660
242 653
243 652
244 650
245 642
246 642
247 639
248 637
249 634
250 633
251 632
252 629
253 628
254 623
255 618
256 512  # compresses ieta bin 4, pt 0
257 1000
258 1000
259 986
260 963
261 952
262 954
263 934
264 937
265 921
266 903
267 898
268 901
269 896
270 882
271 870
272 866
273 864
274 858
275 845
276 834
277 825
278 810
279 801
280 789
281 787
282 776
283 771
284 766
285 757
286 757
287 745
288 741
289 738
290 732
291 726
292 720
293 712
294 711
295 703
296 697
297 693
298 690
299 687
300 681
301 682
302 679
303 674
304 668
305 666
306 661
307 660
308 657
309 651
310 651
311 649
312 648
313 645
314 645
315 642
316 640
317 637
318 635
319 630
320 512  # compresses ieta bin 5, pt 0
321 999
322 987
323 974
324 962
325 952
326 954
327 934
328 937
329 920
330 903
331 898
332 901
333 896
334 882
335 870
336 866
337 864
338 858
339 845
340 834
341 824
342 809
343 801
344 788
345 783
346 772
347 771
348 766
349 757
350 753
351 744
352 741
353 734
354 732
355 726
356 717
357 712
358 708
359 703
360 696
361 693
362 690
363 687
364 681
365 682
366 679
367 674
368 668
369 666
370 661
371 658
372 657
373 653
374 651
375 649
376 648
377 645
378 645
379 643
380 640
381 637
382 634
383 630
384 512  # compresses ieta bin 6, pt 0
385 998
386 985
387 973
388 961
389 951
390 954
391 933
392 937
393 918
394 901
395 897
396 901
397 896
398 882
399 870
400 866
401 863
402 851
403 839
404 827
405 818
406 804
407 795
408 783
409 782
410 771
411 765
412 761
413 752
414 749
415 740
416 737
417 730
418 728
419 722
420 713
421 705
422 704
423 697
424 693
425 688
426 687
427 684
428 679
429 676
430 674
431 669
432 663
433 662
434 657
435 654
436 654
437 648
438 647
439 645
440 645
441 642
442 640
443 639
444 636
445 633
446 630
447 626
448 512  # compresses ieta bin 7, pt 0
449 998
450 984
451 972
452 960
453 950
454 954
455 933
456 937
457 918
458 901
459 896
460 901
461 889
462 882
463 870
464 866
465 863
466 850
467 839
468 827
469 818
470 803
471 795
472 783
473 782
474 771
475 765
476 761
477 752
478 749
479 740
480 737
481 730
482 728
483 722
484 713
485 708
486 704
487 700
488 693
489 690
490 687
491 684
492 679
493 676
494 677
495 669
496 665
497 664
498 657
499 654
500 654
501 649
502 647
503 645
504 645
505 642
506 640
507 639
508 636
509 635
510 630
511 626
512 512  # compresses ieta bin 8, pt 0
513 981
514 968
515 971
516 948
517 937
518 930
519 921
520 916
521 907
522 902
523 886
524 884
525 878
526 866
527 861
528 851
529 855
530 842
531 830
532 820
533 811
534 796
535 783
536 777
537 771
538 760
539 755
540 751
541 743
542 744
543 732
544 729
545 726
546 720
547 715
548 706
549 702
550 698
551 691
552 687
553 681
554 681
555 676
556 673
557 671
558 669
559 664
560 658
561 658
562 653
563 650
564 648
565 644
566 644
567 640
568 640
569 637
570 636
571 634
572 632
573 629
574 626
575 622
576 512  # compresses ieta bin 9, pt 0
577 1000
578 987
579 986
580 963
581 952
582 954
583 935
584 937
585 919
586 902
587 897
588 891
589 888
590 875
591 870
592 866
593 863
594 850
595 838
596 827
597 817
598 803
599 789
600 783
601 776
602 765
603 761
604 756
605 752
606 748
607 740
608 733
609 730
610 724
611 718
612 713
613 705
614 704
615 697
616 690
617 687
618 684
619 681
620 676
621 674
622 674
623 667
624 663
625 662
626 655
627 654
628 652
629 648
630 647
631 644
632 643
633 640
634 640
635 637
636 636
637 633
638 629
639 625
640 512  # compresses ieta bin 10, pt 0
641 999
642 987
643 986
644 963
645 952
646 954
647 934
648 937
649 919
650 902
651 897
652 891
653 888
654 882
655 870
656 866
657 863
658 850
659 845
660 827
661 818
662 803
663 795
664 783
665 782
666 771
667 765
668 761
669 752
670 753
671 740
672 737
673 734
674 728
675 722
676 717
677 708
678 704
679 700
680 693
681 690
682 687
683 684
684 679
685 677
686 677
687 671
688 668
689 666
690 661
691 658
692 657
693 651
694 651
695 649
696 648
697 645
698 643
699 642
700 639
701 637
702 634
703 629
704 512  # compresses ieta bin 11, pt 0
705 999
706 986
707 974
708 962
709 951
710 954
711 933
712 937
713 920
714 902
715 897
716 891
717 888
718 875
719 870
720 859
721 863
722 850
723 845
724 827
725 818
726 804
727 795
728 783
729 782
730 771
731 765
732 761
733 753
734 753
735 744
736 737
737 734
738 732
739 726
740 720
741 712
742 711
743 703
744 702
745 696
746 696
747 690
748 687
749 684
750 682
751 681
752 677
753 675
754 667
755 666
756 663
757 660
758 658
759 655
760 653
761 651
762 649
763 647
764 646
765 643
766 639
767 635
768 512  # compresses ieta bin 12, pt 0
769 2042
770 1017
771 1002
772 989
773 978
774 968
775 957
776 951
777 941
778 923
779 917
780 911
781 907
782 893
783 880
784 875
785 872
786 865
787 852
788 835
789 831
790 815
791 801
792 794
793 787
794 776
795 771
796 766
797 761
798 757
799 749
800 745
801 742
802 735
803 729
804 724
805 719
806 717
807 710
808 706
809 705
810 704
811 701
812 695
813 692
814 692
815 688
816 688
817 686
818 681
819 680
820 674
821 669
822 668
823 667
824 666
825 662
826 661
827 659
828 657
829 655
830 650
831 646
832 512  # compresses ieta bin 13, pt 0
833 2044
834 1018
835 1003
836 990
837 978
838 969
839 957
840 960
841 941
842 923
843 917
844 911
845 907
846 893
847 880
848 875
849 872
850 865
851 852
852 835
853 831
854 815
855 801
856 794
857 787
858 776
859 771
860 766
861 761
862 757
863 749
864 745
865 742
866 735
867 729
868 724
869 719
870 717
871 710
872 706
873 705
874 704
875 701
876 695
877 692
878 692
879 691
880 688
881 688
882 683
883 680
884 676
885 671
886 670
887 668
888 667
889 663
890 662
891 660
892 658
893 656
894 651
895 647
896 512  # compresses ieta bin 14, pt 0
897 948
898 938
899 928
900 919
901 912
902 915
903 909
904 903
905 896
906 882
907 877
908 873
909 877
910 865
911 861
912 858
913 855
914 850
915 845
916 834
917 825
918 809
919 801
920 789
921 787
922 776
923 771
924 766
925 757
926 757
927 749
928 745
929 742
930 735
931 729
932 724
933 719
934 717
935 710
936 706
937 705
938 704
939 701
940 695
941 692
942 692
943 691
944 688
945 688
946 683
947 682
948 678
949 673
950 671
951 668
952 669
953 665
954 664
955 662
956 660
957 658
958 653
959 649
960 512  # compresses ieta bin 15, pt 0
961 899
962 891
963 881
964 875
965 883
966 890
967 884
968 880
969 874
970 869
971 857
972 862
973 858
974 847
975 843
976 841
977 847
978 842
979 838
980 827
981 824
982 810
983 801
984 794
985 787
986 777
987 776
988 770
989 761
990 762
991 753
992 746
993 742
994 739
995 733
996 727
997 722
998 721
999 713
1000 712
1001 708
1002 707
1003 703
1004 698
1005 697
1006 697
1007 695
1008 692
1009 692
1010 688
1011 685
1012 680
1013 676
1014 675
1015 673
1016 672
1017 669
1018 667
1019 666
1020 662
1021 662
1022 657
1023 652
1024 512  # compresses ieta bin 16, pt 0
1025 982
1026 970
1027 958
1028 948
1029 939
1030 931
1031 933
1032 925
1033 910
1034 903
1035 898
1036 901
1037 897
1038 891
1039 878
1040 867
1041 872
1042 859
1043 853
1044 848
1045 837
1046 822
1047 813
1048 800
1049 793
1050 782
1051 781
1052 775
1053 766
1054 766
1055 757
1056 754
1057 750
1058 743
1059 737
1060 731
1061 726
1062 724
1063 719
1064 715
1065 711
1066 710
1067 706
1068 703
1069 700
1070 699
1071 695
1072 692
1073 692
1074 688
1075 685
1076 682
1077 676
1078 675
1079 673
1080 672
1081 669
1082 668
1083 666
1084 664
1085 662
1086 657
1087 652
1088 512  # compresses ieta bin 17, pt 0
1089 879
1090 856
1091 851
1092 847
1093 842
1094 838
1095 825
1096 821
1097 819
1098 817
1099 815
1100 814
1101 820
1102 809
1103 799
1104 798
1105 806
1106 803
1107 787
1108 785
1109 778
1110 771
1111 760
1112 749
1113 749
1114 745
1115 740
1116 737
1117 729
1118 730
1119 723
1120 716
1121 714
1122 712
1123 703
1124 699
1125 691
1126 691
1127 684
1128 681
1129 678
1130 678
1131 676
1132 671
1133 669
1134 669
1135 669
1136 668
1137 666
1138 663
1139 660
1140 655
1141 651
1142 651
1143 649
1144 647
1145 645
1146 643
1147 642
1148 639
1149 637
1150 633
1151 629
1152 512  # compresses ieta bin 18, pt 0
1153 846
1154 840
1155 824
1156 819
1157 818
1158 826
1159 824
1160 821
1161 819
1162 827
1163 825
1164 825
1165 830
1166 818
1167 809
1168 807
1169 814
1170 812
1171 808
1172 800
1173 798
1174 790
1175 783
1176 771
1177 771
1178 765
1179 760
1180 761
1181 753
1182 753
1183 744
1184 741
1185 738
1186 732
1187 726
1188 720
1189 715
1190 714
1191 706
1192 702
1193 699
1194 698
1195 695
1196 692
1197 689
1198 689
1199 688
1200 686
1201 686
1202 681
1203 680
1204 674
1205 671
1206 670
1207 667
1208 666
1209 663
1210 661
1211 660
1212 657
1213 656
1214 652
1215 651
1216 512  # compresses ieta bin 19, pt 0
1217 998
1218 984
1219 972
1220 947
1221 940
1222 941
1223 933
1224 925
1225 908
1226 891
1227 886
1228 883
1229 878
1230 866
1231 861
1232 851
1233 855
1234 851
1235 839
1236 828
1237 824
1238 810
1239 801
1240 794
1241 787
1242 777
1243 771
1244 770
1245 762
1246 762
1247 753
1248 750
1249 742
1250 743
1251 737
1252 731
1253 722
1254 721
1255 716
1256 712
1257 708
1258 707
1259 703
1260 700
1261 700
1262 697
1263 695
1264 692
1265 692
1266 690
1267 687
1268 682
1269 676
1270 675
1271 673
1272 674
1273 671
1274 668
1275 667
1276 664
1277 663
1278 660
1279 657
1280 512  # compresses ieta bin 20, pt 0
1281 6143
1282 5119
1283 4095
1284 3071
1285 2046
1286 1020
1287 995
1288 986
1289 974
1290 946
1291 948
1292 942
1293 934
1294 911
1295 905
1296 892
1297 888
1298 881
1299 874
1300 861
1301 857
1302 846
1303 820
1304 817
1305 815
1306 792
1307 786
1308 780
1309 771
1310 770
1311 762
1312 754
1313 750
1314 751
1315 748
1316 742
1317 732
1318 734
1319 726
1320 721
1321 717
1322 715
1323 714
1324 711
1325 708
1326 707
1327 703
1328 699
1329 696
1330 692
1331 689
1332 685
1333 682
1334 678
1335 678
1336 677
1337 674
1338 673
1339 672
1340 668
1341 667
1342 659
1343 653
1344 512  # compresses ieta bin 21, pt 0
1345 8191
1346 7167
1347 5119
1348 4095
1349 2047
1350 2047
1351 1006
1352 996
1353 985
1354 956
1355 958
1356 951
1357 953
1358 937
1359 923
1360 918
1361 913
1362 905
1363 896
1364 876
1365 871
1366 859
1367 837
1368 829
1369 825
1370 813
1371 806
1372 799
1373 794
1374 788
1375 779
1376 771
1377 770
1378 770
1379 766
1380 763
1381 753
1382 753
1383 744
1384 736
1385 728
1386 724
1387 723
1388 716
1389 718
1390 714
1391 710
1392 704
1393 703
1394 696
1395 693
1396 691
1397 687
1398 685
1399 683
1400 683
1401 682
1402 680
1403 675
1404 672
1405 671
1406 662
1407 656
1408 512  # compresses ieta bin 22, pt 0
1409 9215
1410 8191
1411 7167
1412 5119
1413 4095
1414 4095
1415 2047
1416 1020
1417 997
1418 976
1419 968
1420 970
1421 963
1422 947
1423 940
1424 936
1425 930
1426 920
1427 911
1428 890
1429 884
1430 865
1431 849
1432 839
1433 832
1434 823
1435 812
1436 809
1437 799
1438 797
1439 784
1440 779
1441 779
1442 774
1443 774
1444 770
1445 763
1446 763
1447 754
1448 748
1449 737
1450 735
1451 731
1452 727
1453 726
1454 724
1455 719
1456 711
1457 709
1458 702
1459 699
1460 698
1461 692
1462 688
1463 687
1464 686
1465 685
1466 682
1467 677
1468 673
1469 668
1470 658
1471 655
1472 512  # compresses ieta bin 23, pt 0
1473 12287
1474 11263
1475 10239
1476 8191
1477 7167
1478 7167
1479 5119
1480 4095
1481 2045
1482 997
1483 969
1484 990
1485 982
1486 965
1487 958
1488 952
1489 946
1490 935
1491 918
1492 903
1493 896
1494 872
1495 855
1496 845
1497 842
1498 828
1499 821
1500 814
1501 808
1502 802
1503 792
1504 783
1505 783
1506 782
1507 781
1508 777
1509 770
1510 767
1511 760
1512 752
1513 743
1514 741
1515 736
1516 732
1517 731
1518 729
1519 722
1520 715
1521 714
1522 706
1523 703
1524 702
1525 696
1526 692
1527 690
1528 690
1529 688
1530 686
1531 680
1532 678
1533 671
1534 660
1535 656
1536 512  # compresses ieta bin 24, pt 0
1537 10239
1538 9215
1539 7167
1540 6143
1541 4095
1542 4095
1543 2042
1544 1018
1545 996
1546 965
1547 959
1548 960
1549 954
1550 946
1551 932
1552 928
1553 929
1554 920
1555 904
1556 889
1557 883
1558 859
1559 843
1560 834
1561 831
1562 818
1563 811
1564 804
1565 798
1566 797
1567 784
1568 779
1569 775
1570 774
1571 774
1572 770
1573 763
1574 760
1575 754
1576 745
1577 737
1578 733
1579 731
1580 727
1581 726
1582 724
1583 717
1584 708
1585 707
1586 702
1587 699
1588 696
1589 691
1590 687
1591 685
1592 685
1593 683
1594 680
1595 675
1596 672
1597 666
1598 653
1599 650
1600 512  # compresses ieta bin 25, pt 0
1601 9215
1602 8191
1603 6143
1604 4095
1605 2047
1606 2047
1607 1006
1608 996
1609 975
1610 946
1611 948
1612 942
1613 944
1614 928
1615 923
1616 918
1617 913
1618 904
1619 896
1620 877
1621 871
1622 853
1623 837
1624 828
1625 825
1626 813
1627 806
1628 799
1629 794
1630 789
1631 779
1632 771
1633 770
1634 770
1635 770
1636 766
1637 756
1638 757
1639 751
1640 742
1641 734
1642 730
1643 726
1644 721
1645 720
1646 719
1647 714
1648 706
1649 703
1650 696
1651 693
1652 693
1653 685
1654 680
1655 678
1656 677
1657 676
1658 673
1659 667
1660 664
1661 658
1662 643
1663 635
1664 512  # compresses ieta bin 26, pt 0
1665 14335
1666 13311
1667 10239
1668 10239
1669 7167
1670 8191
1671 5119
1672 5119
1673 3071
1674 987
1675 979
1676 980
1677 982
1678 966
1679 958
1680 952
1681 954
1682 936
1683 926
1684 910
1685 903
1686 890
1687 885
1688 874
1689 869
1690 865
1691 857
1692 853
1693 850
1694 847
1695 840
1696 838
1697 836
1698 832
1699 822
1700 816
1701 807
1702 806
1703 792
1704 785
1705 778
1706 775
1707 772
1708 764
1709 762
1710 759
1711 755
1712 747
1713 746
1714 741
1715 738
1716 738
1717 730
1718 725
1719 725
1720 723
1721 722
1722 720
1723 707
1724 705
1725 696
1726 678
1727 670
1728 512  # compresses ieta bin 27, pt 0
1729 981
1730 968
1731 956
1732 946
1733 923
1734 928
1735 921
1736 904
1737 896
1738 902
1739 907
1740 902
1741 915
1742 903
1743 896
1744 893
1745 905
1746 912
1747 903
1748 897
1749 896
1750 884
1751 879
1752 874
1753 870
1754 865
1755 861
1756 857
1757 854
1758 851
1759 844
1760 842
1761 844
1762 840
1763 830
1764 823
1765 814
1766 812
1767 798
1768 794
1769 784
1770 781
1771 778
1772 772
1773 767
1774 765
1775 762
1776 756
1777 754
1778 751
1779 748
1780 747
1781 741
1782 737
1783 734
1784 733
1785 732
1786 731
1787 719
1788 715
1789 706
1790 683
1791 675
1792 512  # compresses ieta bin 28, pt 0
1793 2043
1794 1002
1795 971
1796 960
1797 925
1798 915
1799 874
1800 867
1801 852
1802 827
1803 815
1804 813
1805 801
1806 784
1807 772
1808 765
1809 764
1810 742
1811 728
1812 716
1813 712
1814 715
1815 712
1816 697
1817 696
1818 698
1819 695
1820 688
1821 687
1822 686
1823 688
1824 678
1825 673
1826 673
1827 666
1828 663
1829 661
1830 661
1831 656
1832 654
1833 652
1834 653
1835 654
1836 652
1837 651
1838 652
1839 652
1840 652
1841 651
1842 649
1843 648
1844 652
1845 649
1846 647
1847 645
1848 643
1849 643
1850 640
1851 639
1852 635
1853 629
1854 611
1855 610
1856 512  # compresses ieta bin 29, pt 0
1857 9215
1858 6143
1859 2047
1860 1003
1861 950
1862 929
1863 886
1864 879
1865 852
1866 827
1867 814
1868 813
1869 801
1870 775
1871 764
1872 756
1873 756
1874 733
1875 721
1876 709
1877 700
1878 697
1879 688
1880 680
1881 678
1882 677
1883 675
1884 665
1885 663
1886 658
1887 658
1888 653
1889 645
1890 646
1891 640
1892 635
1893 633
1894 632
1895 627
1896 626
1897 625
1898 624
1899 624
1900 623
1901 622
1902 621
1903 619
1904 620
1905 619
1906 616
1907 615
1908 614
1909 614
1910 613
1911 612
1912 612
1913 613
1914 611
1915 610
1916 607
1917 604
1918 593
1919 593
1920 512  # compresses ieta bin 30, pt 0
1921 9215
1922 6143
1923 2047
1924 991
1925 938
1926 917
1927 884
1928 867
1929 840
1930 807
1931 804
1932 794
1933 782
1934 754
1935 737
1936 731
1937 723
1938 710
1939 692
1940 682
1941 680
1942 672
1943 665
1944 657
1945 651
1946 651
1947 645
1948 635
1949 631
1950 627
1951 627
1952 624
1953 620
1954 619
1955 611
1956 610
1957 609
1958 609
1959 608
1960 605
1961 605
1962 605
1963 604
1964 601
1965 601
1966 599
1967 597
1968 597
1969 597
1970 595
1971 596
1972 596
1973 594
1974 594
1975 592
1976 593
1977 593
1978 590
1979 590
1980 588
1981 584
1982 573
1983 574
1984 512  # compresses ieta bin 31, pt 0
1985 8191
1986 6143
1987 2047
1988 990
1989 937
1990 904
1991 860
1992 844
1993 807
1994 774
1995 773
1996 773
1997 754
1998 728
1999 720
2000 713
2001 698
2002 671
2003 640
2004 626
2005 614
2006 598
2007 593
2008 589
2009 587
2010 588
2011 581
2012 578
2013 580
2014 577
2015 575
2016 573
2017 571
2018 573
2019 570
2020 571
2021 572
2022 570
2023 571
2024 569
2025 569
2026 568
2027 569
2028 567
2029 568
2030 566
2031 566
2032 566
2033 565
2034 567
2035 568
2036 568
2037 565
2038 565
2039 564
2040 564
2041 565
2042 562
2043 562
2044 559
2045 556
2046 535
2047 532
2048 512  # compresses ieta bin 32, pt 0
2049 9215
2050 7167
2051 3071
2052 1017
2053 964
2054 902
2055 848
2056 833
2057 797
2058 764
2059 763
2060 763
2061 745
2062 719
2063 703
2064 704
2065 690
2066 656
2067 626
2068 607
2069 594
2070 584
2071 575
2072 572
2073 569
2074 568
2075 565
2076 559
2077 556
2078 555
2079 554
2080 556
2081 555
2082 557
2083 555
2084 553
2085 555
2086 553
2087 555
2088 553
2089 552
2090 553
2091 552
2092 553
2093 552
2094 551
2095 552
2096 552
2097 552
2098 552
2099 553
2100 553
2101 551
2102 551
2103 549
2104 550
2105 550
2106 548
2107 547
2108 545
2109 541
2110 522
2111 517
2112 512  # compresses ieta bin 33, pt 0
2113 9215
2114 8191
2115 5119
2116 3071
2117 1017
2118 943
2119 873
2120 858
2121 809
2122 773
2123 763
2124 756
2125 745
2126 718
2127 702
2128 697
2129 683
2130 656
2131 626
2132 605
2133 594
2134 578
2135 570
2136 566
2137 565
2138 567
2139 560
2140 558
2141 556
2142 555
2143 554
2144 552
2145 551
2146 553
2147 551
2148 553
2149 551
2150 553
2151 552
2152 551
2153 552
2154 550
2155 552
2156 551
2157 550
2158 551
2159 549
2160 550
2161 550
2162 552
2163 553
2164 553
2165 551
2166 551
2167 551
2168 551
2169 553
2170 550
2171 550
2172 547
2173 542
2174 523
2175 518
2176 512  # compresses ieta bin 34, pt 0
2177 12287
2178 10239
2179 10239
2180 10239
2181 11263
2182 6143
2183 2047
2184 1018
2185 918
2186 837
2187 774
2188 773
2189 754
2190 728
2191 728
2192 723
2193 715
2194 702
2195 677
2196 654
2197 634
2198 597
2199 587
2200 583
2201 586
2202 588
2203 585
2204 582
2205 576
2206 573
2207 575
2208 573
2209 571
2210 573
2211 570
2212 571
2213 572
2214 570
2215 571
2216 571
2217 569
2218 565
2219 566
2220 567
2221 565
2222 564
2223 564
2224 563
2225 565
2226 569
2227 570
2228 569
2229 569
2230 568
2231 568
2232 569
2233 570
2234 568
2235 567
2236 564
2237 560
2238 540
2239 535
2240 512  # compresses ieta bin 35, pt 0
2241 22527
2242 19455
2243 19455
2244 18431
2245 16383
2246 12287
2247 10239
2248 8191
2249 4095
2250 997
2251 978
2252 980
2253 953
2254 920
2255 923
2256 910
2257 888
2258 865
2259 845
2260 820
2261 798
2262 771
2263 742
2264 720
2265 722
2266 713
2267 705
2268 693
2269 691
2270 685
2271 684
2272 682
2273 681
2274 681
2275 677
2276 678
2277 678
2278 678
2279 675
2280 675
2281 675
2282 673
2283 670
2284 671
2285 671
2286 669
2287 669
2288 670
2289 671
2290 673
2291 676
2292 674
2293 674
2294 673
2295 673
2296 674
2297 674
2298 671
2299 672
2300 669
2301 664
2302 645
2303 639
2304 512  # compresses ieta bin 36, pt 0
2305 25599
2306 23551
2307 24575
2308 23551
2309 22527
2310 19455
2311 12287
2312 10239
2313 8191
2314 7167
2315 7167
2316 7167
2317 5119
2318 7167
2319 6143
2320 4095
2321 1012
2322 982
2323 948
2324 925
2325 909
2326 878
2327 855
2328 834
2329 831
2330 818
2331 801
2332 770
2333 752
2334 735
2335 736
2336 733
2337 734
2338 732
2339 729
2340 727
2341 726
2342 724
2343 722
2344 724
2345 722
2346 718
2347 717
2348 719
2349 718
2350 717
2351 717
2352 717
2353 716
2354 720
2355 723
2356 721
2357 717
2358 718
2359 715
2360 713
2361 714
2362 711
2363 712
2364 708
2365 705
2366 685
2367 679
2368 512  # compresses ieta bin 37, pt 0
2369 30719
2370 30719
2371 31743
2372 28671
2373 27647
2374 25599
2375 21503
2376 20479
2377 18431
2378 17407
2379 17407
2380 15359
2381 13311
2382 15359
2383 13311
2384 12287
2385 8191
2386 6143
2387 1013
2388 1021
2389 968
2390 940
2391 914
2392 902
2393 896
2394 875
2395 856
2396 815
2397 798
2398 779
2399 779
2400 779
2401 779
2402 778
2403 770
2404 770
2405 766
2406 766
2407 766
2408 766
2409 764
2410 761
2411 761
2412 761
2413 762
2414 759
2415 758
2416 756
2417 757
2418 759
2419 762
2420 760
2421 759
2422 757
2423 754
2424 753
2425 754
2426 751
2427 750
2428 748
2429 743
2430 726
2431 723
2432 512  # compresses ieta bin 38, pt 0
2433 36863
2434 37887
2435 39935
2436 37887
2437 36863
2438 34815
2439 30719
2440 29695
2441 27647
2442 27647
2443 27647
2444 26623
2445 25599
2446 27647
2447 27647
2448 27647
2449 25599
2450 23551
2451 20479
2452 15359
2453 11263
2454 7167
2455 2047
2456 999
2457 989
2458 965
2459 946
2460 906
2461 887
2462 860
2463 853
2464 854
2465 852
2466 852
2467 844
2468 845
2469 842
2470 842
2471 839
2472 840
2473 837
2474 835
2475 836
2476 836
2477 834
2478 835
2479 832
2480 831
2481 830
2482 831
2483 832
2484 831
2485 828
2486 828
2487 825
2488 823
2489 824
2490 822
2491 822
2492 819
2493 814
2494 797
2495 794
2496 512  # compresses ieta bin 39, pt 0
2497 36863
2498 37887
2499 39935
2500 37887
2501 36863
2502 34815
2503 30719
2504 29695
2505 27647
2506 27647
2507 27647
2508 26623
2509 25599
2510 27647
2511 27647
2512 27647
2513 25599
2514 23551
2515 20479
2516 15359
2517 11263
2518 7167
2519 2047
2520 999
2521 989
2522 965
2523 946
2524 906
2525 887
2526 860
2527 853
2528 854
2529 852
2530 852
2531 844
2532 845
2533 842
2534 842
2535 839
2536 840
2537 837
2538 835
2539 836
2540 836
2541 834
2542 835
2543 832
2544 831
2545 830
2546 831
2547 832
2548 831
2549 828
2550 828
2551 825
2552 823
2553 824
2554 822
2555 822
2556 819
2557 814
2558 797
2559 794
2560 0 # dummy
2561 0 # dummy
2562 0 # dummy
2563 0 # dummy
2564 0 # dummy
2565 0 # dummy
2566 0 # dummy
2567 0 # dummy
2568 0 # dummy
2569 0 # dummy
2570 0 # dummy
2571 0 # dummy
2572 0 # dummy
2573 0 # dummy
2574 0 # dummy
2575 0 # dummy
2576 0 # dummy
2577 0 # dummy
2578 0 # dummy
2579 0 # dummy
2580 0 # dummy
2581 0 # dummy
2582 0 # dummy
2583 0 # dummy
2584 0 # dummy
2585 0 # dummy
2586 0 # dummy
2587 0 # dummy
2588 0 # dummy
2589 0 # dummy
2590 0 # dummy
2591 0 # dummy
2592 0 # dummy
2593 0 # dummy
2594 0 # dummy
2595 0 # dummy
2596 0 # dummy
2597 0 # dummy
2598 0 # dummy
2599 0 # dummy
2600 0 # dummy
2601 0 # dummy
2602 0 # dummy
2603 0 # dummy
2604 0 # dummy
2605 0 # dummy
2606 0 # dummy
2607 0 # dummy
2608 0 # dummy
2609 0 # dummy
2610 0 # dummy
2611 0 # dummy
2612 0 # dummy
2613 0 # dummy
2614 0 # dummy
2615 0 # dummy
2616 0 # dummy
2617 0 # dummy
2618 0 # dummy
2619 0 # dummy
2620 0 # dummy
2621 0 # dummy
2622 0 # dummy
2623 0 # dummy
2624 0 # dummy
2625 0 # dummy
2626 0 # dummy
2627 0 # dummy
2628 0 # dummy
2629 0 # dummy
2630 0 # dummy
2631 0 # dummy
2632 0 # dummy
2633 0 # dummy
2634 0 # dummy
2635 0 # dummy
2636 0 # dummy
2637 0 # dummy
2638 0 # dummy
2639 0 # dummy
2640 0 # dummy
2641 0 # dummy
2642 0 # dummy
2643 0 # dummy
2644 0 # dummy
2645 0 # dummy
2646 0 # dummy
2647 0 # dummy
2648 0 # dummy
2649 0 # dummy
2650 0 # dummy
2651 0 # dummy
2652 0 # dummy
2653 0 # dummy
2654 0 # dummy
2655 0 # dummy
2656 0 # dummy
2657 0 # dummy
2658 0 # dummy
2659 0 # dummy
2660 0 # dummy
2661 0 # dummy
2662 0 # dummy
2663 0 # dummy
2664 0 # dummy
2665 0 # dummy
2666 0 # dummy
2667 0 # dummy
2668 0 # dummy
2669 0 # dummy
2670 0 # dummy
2671 0 # dummy
2672 0 # dummy
2673 0 # dummy
2674 0 # dummy
2675 0 # dummy
2676 0 # dummy
2677 0 # dummy
2678 0 # dummy
2679 0 # dummy
2680 0 # dummy
2681 0 # dummy
2682 0 # dummy
2683 0 # dummy
2684 0 # dummy
2685 0 # dummy
2686 0 # dummy
2687 0 # dummy
2688 0 # dummy
2689 0 # dummy
2690 0 # dummy
2691 0 # dummy
2692 0 # dummy
2693 0 # dummy
2694 0 # dummy
2695 0 # dummy
2696 0 # dummy
2697 0 # dummy
2698 0 # dummy
2699 0 # dummy
2700 0 # dummy
2701 0 # dummy
2702 0 # dummy
2703 0 # dummy
2704 0 # dummy
2705 0 # dummy
2706 0 # dummy
2707 0 # dummy
2708 0 # dummy
2709 0 # dummy
2710 0 # dummy
2711 0 # dummy
2712 0 # dummy
2713 0 # dummy
2714 0 # dummy
2715 0 # dummy
2716 0 # dummy
2717 0 # dummy
2718 0 # dummy
2719 0 # dummy
2720 0 # dummy
2721 0 # dummy
2722 0 # dummy
2723 0 # dummy
2724 0 # dummy
2725 0 # dummy
2726 0 # dummy
2727 0 # dummy
2728 0 # dummy
2729 0 # dummy
2730 0 # dummy
2731 0 # dummy
2732 0 # dummy
2733 0 # dummy
2734 0 # dummy
2735 0 # dummy
2736 0 # dummy
2737 0 # dummy
2738 0 # dummy
2739 0 # dummy
2740 0 # dummy
2741 0 # dummy
2742 0 # dummy
2743 0 # dummy
2744 0 # dummy
2745 0 # dummy
2746 0 # dummy
2747 0 # dummy
2748 0 # dummy
2749 0 # dummy
2750 0 # dummy
2751 0 # dummy
2752 0 # dummy
2753 0 # dummy
2754 0 # dummy
2755 0 # dummy
2756 0 # dummy
2757 0 # dummy
2758 0 # dummy
2759 0 # dummy
2760 0 # dummy
2761 0 # dummy
2762 0 # dummy
2763 0 # dummy
2764 0 # dummy
2765 0 # dummy
2766 0 # dummy
2767 0 # dummy
2768 0 # dummy
2769 0 # dummy
2770 0 # dummy
2771 0 # dummy
2772 0 # dummy
2773 0 # dummy
2774 0 # dummy
2775 0 # dummy
2776 0 # dummy
2777 0 # dummy
2778 0 # dummy
2779 0 # dummy
2780 0 # dummy
2781 0 # dummy
2782 0 # dummy
2783 0 # dummy
2784 0 # dummy
2785 0 # dummy
2786 0 # dummy
2787 0 # dummy
2788 0 # dummy
2789 0 # dummy
2790 0 # dummy
2791 0 # dummy
2792 0 # dummy
2793 0 # dummy
2794 0 # dummy
2795 0 # dummy
2796 0 # dummy
2797 0 # dummy
2798 0 # dummy
2799 0 # dummy
2800 0 # dummy
2801 0 # dummy
2802 0 # dummy
2803 0 # dummy
2804 0 # dummy
2805 0 # dummy
2806 0 # dummy
2807 0 # dummy
2808 0 # dummy
2809 0 # dummy
2810 0 # dummy
2811 0 # dummy
2812 0 # dummy
2813 0 # dummy
2814 0 # dummy
2815 0 # dummy
2816 0 # dummy
2817 0 # dummy
2818 0 # dummy
2819 0 # dummy
2820 0 # dummy
2821 0 # dummy
2822 0 # dummy
2823 0 # dummy
2824 0 # dummy
2825 0 # dummy
2826 0 # dummy
2827 0 # dummy
2828 0 # dummy
2829 0 # dummy
2830 0 # dummy
2831 0 # dummy
2832 0 # dummy
2833 0 # dummy
2834 0 # dummy
2835 0 # dummy
2836 0 # dummy
2837 0 # dummy
2838 0 # dummy
2839 0 # dummy
2840 0 # dummy
2841 0 # dummy
2842 0 # dummy
2843 0 # dummy
2844 0 # dummy
2845 0 # dummy
2846 0 # dummy
2847 0 # dummy
2848 0 # dummy
2849 0 # dummy
2850 0 # dummy
2851 0 # dummy
2852 0 # dummy
2853 0 # dummy
2854 0 # dummy
2855 0 # dummy
2856 0 # dummy
2857 0 # dummy
2858 0 # dummy
2859 0 # dummy
2860 0 # dummy
2861 0 # dummy
2862 0 # dummy
2863 0 # dummy
2864 0 # dummy
2865 0 # dummy
2866 0 # dummy
2867 0 # dummy
2868 0 # dummy
2869 0 # dummy
2870 0 # dummy
2871 0 # dummy
2872 0 # dummy
2873 0 # dummy
2874 0 # dummy
2875 0 # dummy
2876 0 # dummy
2877 0 # dummy
2878 0 # dummy
2879 0 # dummy
2880 0 # dummy
2881 0 # dummy
2882 0 # dummy
2883 0 # dummy
2884 0 # dummy
2885 0 # dummy
2886 0 # dummy
2887 0 # dummy
2888 0 # dummy
2889 0 # dummy
2890 0 # dummy
2891 0 # dummy
2892 0 # dummy
2893 0 # dummy
2894 0 # dummy
2895 0 # dummy
2896 0 # dummy
2897 0 # dummy
2898 0 # dummy
2899 0 # dummy
2900 0 # dummy
2901 0 # dummy
2902 0 # dummy
2903 0 # dummy
2904 0 # dummy
2905 0 # dummy
2906 0 # dummy
2907 0 # dummy
2908 0 # dummy
2909 0 # dummy
2910 0 # dummy
2911 0 # dummy
2912 0 # dummy
2913 0 # dummy
2914 0 # dummy
2915 0 # dummy
2916 0 # dummy
2917 0 # dummy
2918 0 # dummy
2919 0 # dummy
2920 0 # dummy
2921 0 # dummy
2922 0 # dummy
2923 0 # dummy
2924 0 # dummy
2925 0 # dummy
2926 0 # dummy
2927 0 # dummy
2928 0 # dummy
2929 0 # dummy
2930 0 # dummy
2931 0 # dummy
2932 0 # dummy
2933 0 # dummy
2934 0 # dummy
2935 0 # dummy
2936 0 # dummy
2937 0 # dummy
2938 0 # dummy
2939 0 # dummy
2940 0 # dummy
2941 0 # dummy
2942 0 # dummy
2943 0 # dummy
2944 0 # dummy
2945 0 # dummy
2946 0 # dummy
2947 0 # dummy
2948 0 # dummy
2949 0 # dummy
2950 0 # dummy
2951 0 # dummy
2952 0 # dummy
2953 0 # dummy
2954 0 # dummy
2955 0 # dummy
2956 0 # dummy
2957 0 # dummy
2958 0 # dummy
2959 0 # dummy
2960 0 # dummy
2961 0 # dummy
2962 0 # dummy
2963 0 # dummy
2964 0 # dummy
2965 0 # dummy
2966 0 # dummy
2967 0 # dummy
2968 0 # dummy
2969 0 # dummy
2970 0 # dummy
2971 0 # dummy
2972 0 # dummy
2973 0 # dummy
2974 0 # dummy
2975 0 # dummy
2976 0 # dummy
2977 0 # dummy
2978 0 # dummy
2979 0 # dummy
2980 0 # dummy
2981 0 # dummy
2982 0 # dummy
2983 0 # dummy
2984 0 # dummy
2985 0 # dummy
2986 0 # dummy
2987 0 # dummy
2988 0 # dummy
2989 0 # dummy
2990 0 # dummy
2991 0 # dummy
2992 0 # dummy
2993 0 # dummy
2994 0 # dummy
2995 0 # dummy
2996 0 # dummy
2997 0 # dummy
2998 0 # dummy
2999 0 # dummy
3000 0 # dummy
3001 0 # dummy
3002 0 # dummy
3003 0 # dummy
3004 0 # dummy
3005 0 # dummy
3006 0 # dummy
3007 0 # dummy
3008 0 # dummy
3009 0 # dummy
3010 0 # dummy
3011 0 # dummy
3012 0 # dummy
3013 0 # dummy
3014 0 # dummy
3015 0 # dummy
3016 0 # dummy
3017 0 # dummy
3018 0 # dummy
3019 0 # dummy
3020 0 # dummy
3021 0 # dummy
3022 0 # dummy
3023 0 # dummy
3024 0 # dummy
3025 0 # dummy
3026 0 # dummy
3027 0 # dummy
3028 0 # dummy
3029 0 # dummy
3030 0 # dummy
3031 0 # dummy
3032 0 # dummy
3033 0 # dummy
3034 0 # dummy
3035 0 # dummy
3036 0 # dummy
3037 0 # dummy
3038 0 # dummy
3039 0 # dummy
3040 0 # dummy
3041 0 # dummy
3042 0 # dummy
3043 0 # dummy
3044 0 # dummy
3045 0 # dummy
3046 0 # dummy
3047 0 # dummy
3048 0 # dummy
3049 0 # dummy
3050 0 # dummy
3051 0 # dummy
3052 0 # dummy
3053 0 # dummy
3054 0 # dummy
3055 0 # dummy
3056 0 # dummy
3057 0 # dummy
3058 0 # dummy
3059 0 # dummy
3060 0 # dummy
3061 0 # dummy
3062 0 # dummy
3063 0 # dummy
3064 0 # dummy
3065 0 # dummy
3066 0 # dummy
3067 0 # dummy
3068 0 # dummy
3069 0 # dummy
3070 0 # dummy
3071 0 # dummy
3072 0 # dummy
3073 0 # dummy
3074 0 # dummy
3075 0 # dummy
3076 0 # dummy
3077 0 # dummy
3078 0 # dummy
3079 0 # dummy
3080 0 # dummy
3081 0 # dummy
3082 0 # dummy
3083 0 # dummy
3084 0 # dummy
3085 0 # dummy
3086 0 # dummy
3087 0 # dummy
3088 0 # dummy
3089 0 # dummy
3090 0 # dummy
3091 0 # dummy
3092 0 # dummy
3093 0 # dummy
3094 0 # dummy
3095 0 # dummy
3096 0 # dummy
3097 0 # dummy
3098 0 # dummy
3099 0 # dummy
3100 0 # dummy
3101 0 # dummy
3102 0 # dummy
3103 0 # dummy
3104 0 # dummy
3105 0 # dummy
3106 0 # dummy
3107 0 # dummy
3108 0 # dummy
3109 0 # dummy
3110 0 # dummy
3111 0 # dummy
3112 0 # dummy
3113 0 # dummy
3114 0 # dummy
3115 0 # dummy
3116 0 # dummy
3117 0 # dummy
3118 0 # dummy
3119 0 # dummy
3120 0 # dummy
3121 0 # dummy
3122 0 # dummy
3123 0 # dummy
3124 0 # dummy
3125 0 # dummy
3126 0 # dummy
3127 0 # dummy
3128 0 # dummy
3129 0 # dummy
3130 0 # dummy
3131 0 # dummy
3132 0 # dummy
3133 0 # dummy
3134 0 # dummy
3135 0 # dummy
3136 0 # dummy
3137 0 # dummy
3138 0 # dummy
3139 0 # dummy
3140 0 # dummy
3141 0 # dummy
3142 0 # dummy
3143 0 # dummy
3144 0 # dummy
3145 0 # dummy
3146 0 # dummy
3147 0 # dummy
3148 0 # dummy
3149 0 # dummy
3150 0 # dummy
3151 0 # dummy
3152 0 # dummy
3153 0 # dummy
3154 0 # dummy
3155 0 # dummy
3156 0 # dummy
3157 0 # dummy
3158 0 # dummy
3159 0 # dummy
3160 0 # dummy
3161 0 # dummy
3162 0 # dummy
3163 0 # dummy
3164 0 # dummy
3165 0 # dummy
3166 0 # dummy
3167 0 # dummy
3168 0 # dummy
3169 0 # dummy
3170 0 # dummy
3171 0 # dummy
3172 0 # dummy
3173 0 # dummy
3174 0 # dummy
3175 0 # dummy
3176 0 # dummy
3177 0 # dummy
3178 0 # dummy
3179 0 # dummy
3180 0 # dummy
3181 0 # dummy
3182 0 # dummy
3183 0 # dummy
3184 0 # dummy
3185 0 # dummy
3186 0 # dummy
3187 0 # dummy
3188 0 # dummy
3189 0 # dummy
3190 0 # dummy
3191 0 # dummy
3192 0 # dummy
3193 0 # dummy
3194 0 # dummy
3195 0 # dummy
3196 0 # dummy
3197 0 # dummy
3198 0 # dummy
3199 0 # dummy
3200 0 # dummy
3201 0 # dummy
3202 0 # dummy
3203 0 # dummy
3204 0 # dummy
3205 0 # dummy
3206 0 # dummy
3207 0 # dummy
3208 0 # dummy
3209 0 # dummy
3210 0 # dummy
3211 0 # dummy
3212 0 # dummy
3213 0 # dummy
3214 0 # dummy
3215 0 # dummy
3216 0 # dummy
3217 0 # dummy
3218 0 # dummy
3219 0 # dummy
3220 0 # dummy
3221 0 # dummy
3222 0 # dummy
3223 0 # dummy
3224 0 # dummy
3225 0 # dummy
3226 0 # dummy
3227 0 # dummy
3228 0 # dummy
3229 0 # dummy
3230 0 # dummy
3231 0 # dummy
3232 0 # dummy
3233 0 # dummy
3234 0 # dummy
3235 0 # dummy
3236 0 # dummy
3237 0 # dummy
3238 0 # dummy
3239 0 # dummy
3240 0 # dummy
3241 0 # dummy
3242 0 # dummy
3243 0 # dummy
3244 0 # dummy
3245 0 # dummy
3246 0 # dummy
3247 0 # dummy
3248 0 # dummy
3249 0 # dummy
3250 0 # dummy
3251 0 # dummy
3252 0 # dummy
3253 0 # dummy
3254 0 # dummy
3255 0 # dummy
3256 0 # dummy
3257 0 # dummy
3258 0 # dummy
3259 0 # dummy
3260 0 # dummy
3261 0 # dummy
3262 0 # dummy
3263 0 # dummy
3264 0 # dummy
3265 0 # dummy
3266 0 # dummy
3267 0 # dummy
3268 0 # dummy
3269 0 # dummy
3270 0 # dummy
3271 0 # dummy
3272 0 # dummy
3273 0 # dummy
3274 0 # dummy
3275 0 # dummy
3276 0 # dummy
3277 0 # dummy
3278 0 # dummy
3279 0 # dummy
3280 0 # dummy
3281 0 # dummy
3282 0 # dummy
3283 0 # dummy
3284 0 # dummy
3285 0 # dummy
3286 0 # dummy
3287 0 # dummy
3288 0 # dummy
3289 0 # dummy
3290 0 # dummy
3291 0 # dummy
3292 0 # dummy
3293 0 # dummy
3294 0 # dummy
3295 0 # dummy
3296 0 # dummy
3297 0 # dummy
3298 0 # dummy
3299 0 # dummy
3300 0 # dummy
3301 0 # dummy
3302 0 # dummy
3303 0 # dummy
3304 0 # dummy
3305 0 # dummy
3306 0 # dummy
3307 0 # dummy
3308 0 # dummy
3309 0 # dummy
3310 0 # dummy
3311 0 # dummy
3312 0 # dummy
3313 0 # dummy
3314 0 # dummy
3315 0 # dummy
3316 0 # dummy
3317 0 # dummy
3318 0 # dummy
3319 0 # dummy
3320 0 # dummy
3321 0 # dummy
3322 0 # dummy
3323 0 # dummy
3324 0 # dummy
3325 0 # dummy
3326 0 # dummy
3327 0 # dummy
3328 0 # dummy
3329 0 # dummy
3330 0 # dummy
3331 0 # dummy
3332 0 # dummy
3333 0 # dummy
3334 0 # dummy
3335 0 # dummy
3336 0 # dummy
3337 0 # dummy
3338 0 # dummy
3339 0 # dummy
3340 0 # dummy
3341 0 # dummy
3342 0 # dummy
3343 0 # dummy
3344 0 # dummy
3345 0 # dummy
3346 0 # dummy
3347 0 # dummy
3348 0 # dummy
3349 0 # dummy
3350 0 # dummy
3351 0 # dummy
3352 0 # dummy
3353 0 # dummy
3354 0 # dummy
3355 0 # dummy
3356 0 # dummy
3357 0 # dummy
3358 0 # dummy
3359 0 # dummy
3360 0 # dummy
3361 0 # dummy
3362 0 # dummy
3363 0 # dummy
3364 0 # dummy
3365 0 # dummy
3366 0 # dummy
3367 0 # dummy
3368 0 # dummy
3369 0 # dummy
3370 0 # dummy
3371 0 # dummy
3372 0 # dummy
3373 0 # dummy
3374 0 # dummy
3375 0 # dummy
3376 0 # dummy
3377 0 # dummy
3378 0 # dummy
3379 0 # dummy
3380 0 # dummy
3381 0 # dummy
3382 0 # dummy
3383 0 # dummy
3384 0 # dummy
3385 0 # dummy
3386 0 # dummy
3387 0 # dummy
3388 0 # dummy
3389 0 # dummy
3390 0 # dummy
3391 0 # dummy
3392 0 # dummy
3393 0 # dummy
3394 0 # dummy
3395 0 # dummy
3396 0 # dummy
3397 0 # dummy
3398 0 # dummy
3399 0 # dummy
3400 0 # dummy
3401 0 # dummy
3402 0 # dummy
3403 0 # dummy
3404 0 # dummy
3405 0 # dummy
3406 0 # dummy
3407 0 # dummy
3408 0 # dummy
3409 0 # dummy
3410 0 # dummy
3411 0 # dummy
3412 0 # dummy
3413 0 # dummy
3414 0 # dummy
3415 0 # dummy
3416 0 # dummy
3417 0 # dummy
3418 0 # dummy
3419 0 # dummy
3420 0 # dummy
3421 0 # dummy
3422 0 # dummy
3423 0 # dummy
3424 0 # dummy
3425 0 # dummy
3426 0 # dummy
3427 0 # dummy
3428 0 # dummy
3429 0 # dummy
3430 0 # dummy
3431 0 # dummy
3432 0 # dummy
3433 0 # dummy
3434 0 # dummy
3435 0 # dummy
3436 0 # dummy
3437 0 # dummy
3438 0 # dummy
3439 0 # dummy
3440 0 # dummy
3441 0 # dummy
3442 0 # dummy
3443 0 # dummy
3444 0 # dummy
3445 0 # dummy
3446 0 # dummy
3447 0 # dummy
3448 0 # dummy
3449 0 # dummy
3450 0 # dummy
3451 0 # dummy
3452 0 # dummy
3453 0 # dummy
3454 0 # dummy
3455 0 # dummy
3456 0 # dummy
3457 0 # dummy
3458 0 # dummy
3459 0 # dummy
3460 0 # dummy
3461 0 # dummy
3462 0 # dummy
3463 0 # dummy
3464 0 # dummy
3465 0 # dummy
3466 0 # dummy
3467 0 # dummy
3468 0 # dummy
3469 0 # dummy
3470 0 # dummy
3471 0 # dummy
3472 0 # dummy
3473 0 # dummy
3474 0 # dummy
3475 0 # dummy
3476 0 # dummy
3477 0 # dummy
3478 0 # dummy
3479 0 # dummy
3480 0 # dummy
3481 0 # dummy
3482 0 # dummy
3483 0 # dummy
3484 0 # dummy
3485 0 # dummy
3486 0 # dummy
3487 0 # dummy
3488 0 # dummy
3489 0 # dummy
3490 0 # dummy
3491 0 # dummy
3492 0 # dummy
3493 0 # dummy
3494 0 # dummy
3495 0 # dummy
3496 0 # dummy
3497 0 # dummy
3498 0 # dummy
3499 0 # dummy
3500 0 # dummy
3501 0 # dummy
3502 0 # dummy
3503 0 # dummy
3504 0 # dummy
3505 0 # dummy
3506 0 # dummy
3507 0 # dummy
3508 0 # dummy
3509 0 # dummy
3510 0 # dummy
3511 0 # dummy
3512 0 # dummy
3513 0 # dummy
3514 0 # dummy
3515 0 # dummy
3516 0 # dummy
3517 0 # dummy
3518 0 # dummy
3519 0 # dummy
3520 0 # dummy
3521 0 # dummy
3522 0 # dummy
3523 0 # dummy
3524 0 # dummy
3525 0 # dummy
3526 0 # dummy
3527 0 # dummy
3528 0 # dummy
3529 0 # dummy
3530 0 # dummy
3531 0 # dummy
3532 0 # dummy
3533 0 # dummy
3534 0 # dummy
3535 0 # dummy
3536 0 # dummy
3537 0 # dummy
3538 0 # dummy
3539 0 # dummy
3540 0 # dummy
3541 0 # dummy
3542 0 # dummy
3543 0 # dummy
3544 0 # dummy
3545 0 # dummy
3546 0 # dummy
3547 0 # dummy
3548 0 # dummy
3549 0 # dummy
3550 0 # dummy
3551 0 # dummy
3552 0 # dummy
3553 0 # dummy
3554 0 # dummy
3555 0 # dummy
3556 0 # dummy
3557 0 # dummy
3558 0 # dummy
3559 0 # dummy
3560 0 # dummy
3561 0 # dummy
3562 0 # dummy
3563 0 # dummy
3564 0 # dummy
3565 0 # dummy
3566 0 # dummy
3567 0 # dummy
3568 0 # dummy
3569 0 # dummy
3570 0 # dummy
3571 0 # dummy
3572 0 # dummy
3573 0 # dummy
3574 0 # dummy
3575 0 # dummy
3576 0 # dummy
3577 0 # dummy
3578 0 # dummy
3579 0 # dummy
3580 0 # dummy
3581 0 # dummy
3582 0 # dummy
3583 0 # dummy
3584 0 # dummy
3585 0 # dummy
3586 0 # dummy
3587 0 # dummy
3588 0 # dummy
3589 0 # dummy
3590 0 # dummy
3591 0 # dummy
3592 0 # dummy
3593 0 # dummy
3594 0 # dummy
3595 0 # dummy
3596 0 # dummy
3597 0 # dummy
3598 0 # dummy
3599 0 # dummy
3600 0 # dummy
3601 0 # dummy
3602 0 # dummy
3603 0 # dummy
3604 0 # dummy
3605 0 # dummy
3606 0 # dummy
3607 0 # dummy
3608 0 # dummy
3609 0 # dummy
3610 0 # dummy
3611 0 # dummy
3612 0 # dummy
3613 0 # dummy
3614 0 # dummy
3615 0 # dummy
3616 0 # dummy
3617 0 # dummy
3618 0 # dummy
3619 0 # dummy
3620 0 # dummy
3621 0 # dummy
3622 0 # dummy
3623 0 # dummy
3624 0 # dummy
3625 0 # dummy
3626 0 # dummy
3627 0 # dummy
3628 0 # dummy
3629 0 # dummy
3630 0 # dummy
3631 0 # dummy
3632 0 # dummy
3633 0 # dummy
3634 0 # dummy
3635 0 # dummy
3636 0 # dummy
3637 0 # dummy
3638 0 # dummy
3639 0 # dummy
3640 0 # dummy
3641 0 # dummy
3642 0 # dummy
3643 0 # dummy
3644 0 # dummy
3645 0 # dummy
3646 0 # dummy
3647 0 # dummy
3648 0 # dummy
3649 0 # dummy
3650 0 # dummy
3651 0 # dummy
3652 0 # dummy
3653 0 # dummy
3654 0 # dummy
3655 0 # dummy
3656 0 # dummy
3657 0 # dummy
3658 0 # dummy
3659 0 # dummy
3660 0 # dummy
3661 0 # dummy
3662 0 # dummy
3663 0 # dummy
3664 0 # dummy
3665 0 # dummy
3666 0 # dummy
3667 0 # dummy
3668 0 # dummy
3669 0 # dummy
3670 0 # dummy
3671 0 # dummy
3672 0 # dummy
3673 0 # dummy
3674 0 # dummy
3675 0 # dummy
3676 0 # dummy
3677 0 # dummy
3678 0 # dummy
3679 0 # dummy
3680 0 # dummy
3681 0 # dummy
3682 0 # dummy
3683 0 # dummy
3684 0 # dummy
3685 0 # dummy
3686 0 # dummy
3687 0 # dummy
3688 0 # dummy
3689 0 # dummy
3690 0 # dummy
3691 0 # dummy
3692 0 # dummy
3693 0 # dummy
3694 0 # dummy
3695 0 # dummy
3696 0 # dummy
3697 0 # dummy
3698 0 # dummy
3699 0 # dummy
3700 0 # dummy
3701 0 # dummy
3702 0 # dummy
3703 0 # dummy
3704 0 # dummy
3705 0 # dummy
3706 0 # dummy
3707 0 # dummy
3708 0 # dummy
3709 0 # dummy
3710 0 # dummy
3711 0 # dummy
3712 0 # dummy
3713 0 # dummy
3714 0 # dummy
3715 0 # dummy
3716 0 # dummy
3717 0 # dummy
3718 0 # dummy
3719 0 # dummy
3720 0 # dummy
3721 0 # dummy
3722 0 # dummy
3723 0 # dummy
3724 0 # dummy
3725 0 # dummy
3726 0 # dummy
3727 0 # dummy
3728 0 # dummy
3729 0 # dummy
3730 0 # dummy
3731 0 # dummy
3732 0 # dummy
3733 0 # dummy
3734 0 # dummy
3735 0 # dummy
3736 0 # dummy
3737 0 # dummy
3738 0 # dummy
3739 0 # dummy
3740 0 # dummy
3741 0 # dummy
3742 0 # dummy
3743 0 # dummy
3744 0 # dummy
3745 0 # dummy
3746 0 # dummy
3747 0 # dummy
3748 0 # dummy
3749 0 # dummy
3750 0 # dummy
3751 0 # dummy
3752 0 # dummy
3753 0 # dummy
3754 0 # dummy
3755 0 # dummy
3756 0 # dummy
3757 0 # dummy
3758 0 # dummy
3759 0 # dummy
3760 0 # dummy
3761 0 # dummy
3762 0 # dummy
3763 0 # dummy
3764 0 # dummy
3765 0 # dummy
3766 0 # dummy
3767 0 # dummy
3768 0 # dummy
3769 0 # dummy
3770 0 # dummy
3771 0 # dummy
3772 0 # dummy
3773 0 # dummy
3774 0 # dummy
3775 0 # dummy
3776 0 # dummy
3777 0 # dummy
3778 0 # dummy
3779 0 # dummy
3780 0 # dummy
3781 0 # dummy
3782 0 # dummy
3783 0 # dummy
3784 0 # dummy
3785 0 # dummy
3786 0 # dummy
3787 0 # dummy
3788 0 # dummy
3789 0 # dummy
3790 0 # dummy
3791 0 # dummy
3792 0 # dummy
3793 0 # dummy
3794 0 # dummy
3795 0 # dummy
3796 0 # dummy
3797 0 # dummy
3798 0 # dummy
3799 0 # dummy
3800 0 # dummy
3801 0 # dummy
3802 0 # dummy
3803 0 # dummy
3804 0 # dummy
3805 0 # dummy
3806 0 # dummy
3807 0 # dummy
3808 0 # dummy
3809 0 # dummy
3810 0 # dummy
3811 0 # dummy
3812 0 # dummy
3813 0 # dummy
3814 0 # dummy
3815 0 # dummy
3816 0 # dummy
3817 0 # dummy
3818 0 # dummy
3819 0 # dummy
3820 0 # dummy
3821 0 # dummy
3822 0 # dummy
3823 0 # dummy
3824 0 # dummy
3825 0 # dummy
3826 0 # dummy
3827 0 # dummy
3828 0 # dummy
3829 0 # dummy
3830 0 # dummy
3831 0 # dummy
3832 0 # dummy
3833 0 # dummy
3834 0 # dummy
3835 0 # dummy
3836 0 # dummy
3837 0 # dummy
3838 0 # dummy
3839 0 # dummy
3840 0 # dummy
3841 0 # dummy
3842 0 # dummy
3843 0 # dummy
3844 0 # dummy
3845 0 # dummy
3846 0 # dummy
3847 0 # dummy
3848 0 # dummy
3849 0 # dummy
3850 0 # dummy
3851 0 # dummy
3852 0 # dummy
3853 0 # dummy
3854 0 # dummy
3855 0 # dummy
3856 0 # dummy
3857 0 # dummy
3858 0 # dummy
3859 0 # dummy
3860 0 # dummy
3861 0 # dummy
3862 0 # dummy
3863 0 # dummy
3864 0 # dummy
3865 0 # dummy
3866 0 # dummy
3867 0 # dummy
3868 0 # dummy
3869 0 # dummy
3870 0 # dummy
3871 0 # dummy
3872 0 # dummy
3873 0 # dummy
3874 0 # dummy
3875 0 # dummy
3876 0 # dummy
3877 0 # dummy
3878 0 # dummy
3879 0 # dummy
3880 0 # dummy
3881 0 # dummy
3882 0 # dummy
3883 0 # dummy
3884 0 # dummy
3885 0 # dummy
3886 0 # dummy
3887 0 # dummy
3888 0 # dummy
3889 0 # dummy
3890 0 # dummy
3891 0 # dummy
3892 0 # dummy
3893 0 # dummy
3894 0 # dummy
3895 0 # dummy
3896 0 # dummy
3897 0 # dummy
3898 0 # dummy
3899 0 # dummy
3900 0 # dummy
3901 0 # dummy
3902 0 # dummy
3903 0 # dummy
3904 0 # dummy
3905 0 # dummy
3906 0 # dummy
3907 0 # dummy
3908 0 # dummy
3909 0 # dummy
3910 0 # dummy
3911 0 # dummy
3912 0 # dummy
3913 0 # dummy
3914 0 # dummy
3915 0 # dummy
3916 0 # dummy
3917 0 # dummy
3918 0 # dummy
3919 0 # dummy
3920 0 # dummy
3921 0 # dummy
3922 0 # dummy
3923 0 # dummy
3924 0 # dummy
3925 0 # dummy
3926 0 # dummy
3927 0 # dummy
3928 0 # dummy
3929 0 # dummy
3930 0 # dummy
3931 0 # dummy
3932 0 # dummy
3933 0 # dummy
3934 0 # dummy
3935 0 # dummy
3936 0 # dummy
3937 0 # dummy
3938 0 # dummy
3939 0 # dummy
3940 0 # dummy
3941 0 # dummy
3942 0 # dummy
3943 0 # dummy
3944 0 # dummy
3945 0 # dummy
3946 0 # dummy
3947 0 # dummy
3948 0 # dummy
3949 0 # dummy
3950 0 # dummy
3951 0 # dummy
3952 0 # dummy
3953 0 # dummy
3954 0 # dummy
3955 0 # dummy
3956 0 # dummy
3957 0 # dummy
3958 0 # dummy
3959 0 # dummy
3960 0 # dummy
3961 0 # dummy
3962 0 # dummy
3963 0 # dummy
3964 0 # dummy
3965 0 # dummy
3966 0 # dummy
3967 0 # dummy
3968 0 # dummy
3969 0 # dummy
3970 0 # dummy
3971 0 # dummy
3972 0 # dummy
3973 0 # dummy
3974 0 # dummy
3975 0 # dummy
3976 0 # dummy
3977 0 # dummy
3978 0 # dummy
3979 0 # dummy
3980 0 # dummy
3981 0 # dummy
3982 0 # dummy
3983 0 # dummy
3984 0 # dummy
3985 0 # dummy
3986 0 # dummy
3987 0 # dummy
3988 0 # dummy
3989 0 # dummy
3990 0 # dummy
3991 0 # dummy
3992 0 # dummy
3993 0 # dummy
3994 0 # dummy
3995 0 # dummy
3996 0 # dummy
3997 0 # dummy
3998 0 # dummy
3999 0 # dummy
4000 0 # dummy
4001 0 # dummy
4002 0 # dummy
4003 0 # dummy
4004 0 # dummy
4005 0 # dummy
4006 0 # dummy
4007 0 # dummy
4008 0 # dummy
4009 0 # dummy
4010 0 # dummy
4011 0 # dummy
4012 0 # dummy
4013 0 # dummy
4014 0 # dummy
4015 0 # dummy
4016 0 # dummy
4017 0 # dummy
4018 0 # dummy
4019 0 # dummy
4020 0 # dummy
4021 0 # dummy
4022 0 # dummy
4023 0 # dummy
4024 0 # dummy
4025 0 # dummy
4026 0 # dummy
4027 0 # dummy
4028 0 # dummy
4029 0 # dummy
4030 0 # dummy
4031 0 # dummy
4032 0 # dummy
4033 0 # dummy
4034 0 # dummy
4035 0 # dummy
4036 0 # dummy
4037 0 # dummy
4038 0 # dummy
4039 0 # dummy
4040 0 # dummy
4041 0 # dummy
4042 0 # dummy
4043 0 # dummy
4044 0 # dummy
4045 0 # dummy
4046 0 # dummy
4047 0 # dummy
4048 0 # dummy
4049 0 # dummy
4050 0 # dummy
4051 0 # dummy
4052 0 # dummy
4053 0 # dummy
4054 0 # dummy
4055 0 # dummy
4056 0 # dummy
4057 0 # dummy
4058 0 # dummy
4059 0 # dummy
4060 0 # dummy
4061 0 # dummy
4062 0 # dummy
4063 0 # dummy
4064 0 # dummy
4065 0 # dummy
4066 0 # dummy
4067 0 # dummy
4068 0 # dummy
4069 0 # dummy
4070 0 # dummy
4071 0 # dummy
4072 0 # dummy
4073 0 # dummy
4074 0 # dummy
4075 0 # dummy
4076 0 # dummy
4077 0 # dummy
4078 0 # dummy
4079 0 # dummy
4080 0 # dummy
4081 0 # dummy
4082 0 # dummy
4083 0 # dummy
4084 0 # dummy
4085 0 # dummy
4086 0 # dummy
4087 0 # dummy
4088 0 # dummy
4089 0 # dummy
4090 0 # dummy
4091 0 # dummy
4092 0 # dummy
4093 0 # dummy
4094 0 # dummy
4095 0 # dummy
