# address to addend+multiplicative factor LUT
# maps 12 bits to 18 bits
# 18 bits = (addend<<10) + multiplier)
# addend is signed 8 bits, multiplier is 10 bits
# anything after # is ignored with the exception of the header
# the header is first valid line starting with #<header> versionStr nrBitsAddress nrBitsData </header>
#<header> v1 12 18 </header>
0 512  # compresses ieta bin 0, pt 0
1 8191
2 7167
3 7167
4 7167
5 7167
6 6143
7 6143
8 4095
9 4095
10 3071
11 1009
12 1019
13 1001
14 992
15 976
16 986
17 972
18 958
19 941
20 924
21 922
22 909
23 902
24 891
25 880
26 875
27 866
28 853
29 854
30 847
31 840
32 838
33 832
34 825
35 815
36 809
37 804
38 799
39 792
40 785
41 781
42 775
43 769
44 767
45 762
46 754
47 751
48 745
49 737
50 735
51 734
52 723
53 719
54 718
55 710
56 709
57 705
58 701
59 700
60 700
61 699
62 685
63 682
64 512  # compresses ieta bin 1, pt 0
65 7167
66 6143
67 6143
68 6143
69 6143
70 5119
71 5119
72 4095
73 3071
74 2047
75 1009
76 1019
77 1001
78 992
79 976
80 977
81 971
82 958
83 941
84 924
85 922
86 909
87 902
88 891
89 880
90 875
91 867
92 857
93 854
94 847
95 844
96 842
97 836
98 825
99 818
100 813
101 807
102 799
103 792
104 785
105 781
106 775
107 772
108 769
109 762
110 757
111 753
112 745
113 737
114 735
115 734
116 725
117 719
118 718
119 711
120 710
121 706
122 701
123 702
124 701
125 700
126 686
127 683
128 512  # compresses ieta bin 2, pt 0
129 9215
130 8191
131 8191
132 8191
133 8191
134 7167
135 7167
136 5119
137 4095
138 3071
139 1019
140 1019
141 1001
142 1001
143 984
144 986
145 972
146 959
147 947
148 931
149 922
150 915
151 908
152 896
153 881
154 875
155 871
156 857
157 854
158 847
159 844
160 842
161 836
162 825
163 818
164 813
165 807
166 800
167 795
168 785
169 781
170 778
171 772
172 769
173 762
174 757
175 753
176 745
177 737
178 735
179 734
180 725
181 719
182 718
183 711
184 710
185 706
186 701
187 702
188 701
189 700
190 686
191 683
192 512  # compresses ieta bin 3, pt 0
193 10239
194 9215
195 9215
196 9215
197 8191
198 7167
199 7167
200 6143
201 5119
202 4095
203 3071
204 4095
205 2044
206 1021
207 1011
208 1011
209 997
210 983
211 963
212 944
213 936
214 922
215 920
216 908
217 896
218 891
219 886
220 872
221 868
222 865
223 857
224 850
225 848
226 836
227 830
228 823
229 818
230 812
231 804
232 797
233 793
234 789
235 783
236 780
237 775
238 769
239 765
240 758
241 746
242 743
243 742
244 734
245 732
246 728
247 720
248 718
249 714
250 710
251 710
252 709
253 709
254 697
255 694
256 512  # compresses ieta bin 4, pt 0
257 11263
258 10239
259 10239
260 10239
261 9215
262 9215
263 9215
264 7167
265 7167
266 6143
267 5119
268 5119
269 2047
270 2047
271 1020
272 1020
273 1004
274 990
275 977
276 965
277 955
278 940
279 932
280 919
281 907
282 901
283 892
284 882
285 882
286 874
287 870
288 867
289 860
290 848
291 841
292 834
293 828
294 822
295 814
296 806
297 802
298 798
299 792
300 788
301 782
302 777
303 774
304 767
305 754
306 751
307 752
308 745
309 741
310 738
311 730
312 728
313 725
314 720
315 720
316 720
317 718
318 707
319 704
320 512  # compresses ieta bin 5, pt 0
321 11263
322 11263
323 10239
324 11263
325 10239
326 9215
327 9215
328 8191
329 7167
330 6143
331 5119
332 5119
333 3071
334 3071
335 1020
336 1020
337 1012
338 997
339 978
340 966
341 962
342 946
343 938
344 925
345 913
346 902
347 896
348 886
349 887
350 878
351 875
352 867
353 860
354 852
355 844
356 838
357 831
358 826
359 817
360 809
361 805
362 801
363 797
364 793
365 788
366 782
367 777
368 769
369 759
370 755
371 754
372 749
373 744
374 742
375 733
376 733
377 728
378 723
379 723
380 723
381 722
382 710
383 707
384 512  # compresses ieta bin 6, pt 0
385 11263
386 10239
387 10239
388 10239
389 9215
390 9215
391 9215
392 7167
393 6143
394 6143
395 5119
396 5119
397 2047
398 2047
399 1013
400 1013
401 1004
402 989
403 977
404 958
405 949
406 934
407 926
408 913
409 902
410 896
411 891
412 882
413 878
414 869
415 862
416 859
417 852
418 840
419 833
420 827
421 821
422 816
423 808
424 800
425 796
426 790
427 786
428 783
429 777
430 770
431 767
432 760
433 748
434 745
435 744
436 738
437 735
438 731
439 723
440 723
441 718
442 714
443 715
444 715
445 713
446 701
447 698
448 512  # compresses ieta bin 7, pt 0
449 10239
450 10239
451 9215
452 10239
453 9215
454 8191
455 8191
456 7167
457 6143
458 5119
459 4095
460 4095
461 2046
462 1021
463 1011
464 1011
465 1004
466 989
467 969
468 951
469 943
470 929
471 926
472 913
473 897
474 891
475 886
476 877
477 873
478 865
479 857
480 854
481 848
482 836
483 830
484 823
485 818
486 809
487 801
488 794
489 790
490 784
491 781
492 775
493 769
494 764
495 760
496 754
497 744
498 739
499 740
500 732
501 730
502 726
503 718
504 717
505 712
506 708
507 709
508 709
509 707
510 695
511 692
512 512  # compresses ieta bin 8, pt 0
513 11263
514 10239
515 10239
516 10239
517 9215
518 8191
519 8191
520 7167
521 6143
522 5119
523 4095
524 4095
525 2047
526 2045
527 1011
528 1011
529 1004
530 989
531 969
532 952
533 943
534 934
535 926
536 913
537 897
538 891
539 886
540 877
541 873
542 865
543 857
544 854
545 848
546 836
547 830
548 823
549 818
550 809
551 801
552 794
553 790
554 784
555 778
556 775
557 769
558 764
559 760
560 754
561 744
562 739
563 738
564 732
565 730
566 726
567 718
568 717
569 712
570 708
571 709
572 708
573 707
574 695
575 692
576 512  # compresses ieta bin 9, pt 0
577 13311
578 13311
579 12287
580 12287
581 11263
582 11263
583 11263
584 9215
585 8191
586 7167
587 6143
588 6143
589 3071
590 2047
591 1020
592 1020
593 1012
594 997
595 984
596 965
597 956
598 946
599 938
600 925
601 913
602 907
603 896
604 891
605 887
606 878
607 870
608 867
609 860
610 844
611 837
612 830
613 825
614 816
615 811
616 800
617 796
618 792
619 786
620 783
621 777
622 772
623 767
624 760
625 750
626 745
627 746
628 739
629 735
630 733
631 725
632 723
633 718
634 714
635 715
636 715
637 713
638 701
639 697
640 512  # compresses ieta bin 10, pt 0
641 13311
642 13311
643 12287
644 12287
645 11263
646 11263
647 11263
648 9215
649 8191
650 7167
651 6143
652 6143
653 3071
654 3071
655 1020
656 1020
657 1012
658 1005
659 985
660 967
661 962
662 946
663 944
664 925
665 913
666 907
667 901
668 891
669 887
670 879
671 875
672 867
673 860
674 844
675 837
676 830
677 825
678 816
679 811
680 800
681 796
682 792
683 786
684 783
685 777
686 772
687 767
688 760
689 750
690 747
691 746
692 739
693 737
694 733
695 725
696 725
697 718
698 714
699 715
700 715
701 714
702 701
703 697
704 512  # compresses ieta bin 11, pt 0
705 14335
706 13311
707 14335
708 14335
709 13311
710 12287
711 12287
712 11263
713 10239
714 9215
715 8191
716 8191
717 5119
718 4095
719 3071
720 3071
721 2047
722 1021
723 1006
724 986
725 982
726 965
727 962
728 937
729 924
730 917
731 906
732 896
733 892
734 887
735 879
736 875
737 868
738 852
739 844
740 838
741 831
742 826
743 820
744 815
745 811
746 806
747 800
748 799
749 793
750 790
751 784
752 774
753 763
754 759
755 758
756 751
757 750
758 747
759 738
760 737
761 732
762 728
763 727
764 727
765 725
766 708
767 702
768 512  # compresses ieta bin 12, pt 0
769 19455
770 18431
771 18431
772 18431
773 17407
774 16383
775 15359
776 14335
777 13311
778 12287
779 12287
780 12287
781 10239
782 9215
783 7167
784 7167
785 6143
786 6143
787 4095
788 2047
789 1014
790 1003
791 992
792 970
793 967
794 959
795 946
796 935
797 933
798 919
799 905
800 901
801 896
802 879
803 874
804 866
805 862
806 855
807 855
808 849
809 846
810 841
811 830
812 828
813 821
814 822
815 815
816 801
817 793
818 786
819 783
820 773
821 771
822 769
823 764
824 764
825 755
826 753
827 752
828 752
829 750
830 735
831 729
832 512  # compresses ieta bin 13, pt 0
833 20479
834 20479
835 21503
836 21503
837 20479
838 19455
839 19455
840 17407
841 16383
842 16383
843 15359
844 15359
845 13311
846 13311
847 12287
848 12287
849 11263
850 9215
851 8191
852 6143
853 4095
854 2047
855 1016
856 993
857 983
858 974
859 966
860 954
861 952
862 941
863 931
864 926
865 921
866 906
867 896
868 891
869 889
870 882
871 877
872 871
873 867
874 861
875 855
876 850
877 844
878 845
879 839
880 828
881 821
882 815
883 810
884 803
885 800
886 793
887 789
888 788
889 777
890 775
891 775
892 774
893 773
894 759
895 752
896 512  # compresses ieta bin 14, pt 0
897 20479
898 20479
899 21503
900 21503
901 21503
902 20479
903 20479
904 19455
905 18431
906 18431
907 17407
908 18431
909 16383
910 16383
911 15359
912 15359
913 14335
914 12287
915 11263
916 8191
917 6143
918 4095
919 2047
920 1010
921 1000
922 991
923 982
924 969
925 967
926 959
927 948
928 947
929 941
930 926
931 915
932 912
933 906
934 898
935 896
936 888
937 882
938 878
939 871
940 868
941 863
942 862
943 858
944 847
945 840
946 833
947 830
948 822
949 818
950 810
951 805
952 804
953 794
954 791
955 790
956 791
957 790
958 778
959 773
960 512  # compresses ieta bin 15, pt 0
961 19455
962 19455
963 20479
964 21503
965 20479
966 20479
967 20479
968 20479
969 19455
970 19455
971 19455
972 20479
973 18431
974 19455
975 18431
976 18431
977 17407
978 16383
979 15359
980 13311
981 11263
982 10239
983 8191
984 6143
985 4095
986 3071
987 1021
988 1012
989 1008
990 1000
991 987
992 981
993 978
994 964
995 956
996 951
997 947
998 940
999 934
1000 928
1001 923
1002 917
1003 910
1004 905
1005 899
1006 897
1007 892
1008 881
1009 877
1010 872
1011 867
1012 859
1013 855
1014 850
1015 847
1016 845
1017 835
1018 831
1019 830
1020 830
1021 829
1022 819
1023 810
1024 512  # compresses ieta bin 16, pt 0
1025 22527
1026 22527
1027 22527
1028 23551
1029 23551
1030 22527
1031 22527
1032 22527
1033 21503
1034 21503
1035 20479
1036 21503
1037 19455
1038 20479
1039 19455
1040 19455
1041 18431
1042 17407
1043 16383
1044 15359
1045 12287
1046 11263
1047 9215
1048 7167
1049 5119
1050 4095
1051 2047
1052 1017
1053 1013
1054 1004
1055 992
1056 989
1057 982
1058 972
1059 959
1060 958
1061 954
1062 944
1063 940
1064 934
1065 928
1066 923
1067 913
1068 908
1069 901
1070 903
1071 896
1072 885
1073 881
1074 876
1075 871
1076 863
1077 859
1078 850
1079 843
1080 842
1081 830
1082 825
1083 825
1084 824
1085 822
1086 810
1087 804
1088 512  # compresses ieta bin 17, pt 0
1089 21503
1090 20479
1091 21503
1092 22527
1093 21503
1094 20479
1095 20479
1096 20479
1097 19455
1098 19455
1099 18431
1100 19455
1101 17407
1102 18431
1103 17407
1104 17407
1105 16383
1106 15359
1107 14335
1108 12287
1109 9215
1110 8191
1111 6143
1112 4095
1113 2047
1114 1021
1115 1011
1116 1002
1117 999
1118 991
1119 979
1120 976
1121 970
1122 957
1123 941
1124 937
1125 934
1126 924
1127 918
1128 913
1129 908
1130 901
1131 893
1132 889
1133 883
1134 882
1135 877
1136 865
1137 860
1138 856
1139 850
1140 840
1141 836
1142 826
1143 820
1144 820
1145 809
1146 804
1147 805
1148 805
1149 804
1150 789
1151 780
1152 512  # compresses ieta bin 18, pt 0
1153 19455
1154 20479
1155 21503
1156 21503
1157 21503
1158 20479
1159 20479
1160 20479
1161 19455
1162 19455
1163 18431
1164 19455
1165 17407
1166 18431
1167 16383
1168 17407
1169 16383
1170 15359
1171 14335
1172 12287
1173 9215
1174 8191
1175 6143
1176 4095
1177 2047
1178 1021
1179 1011
1180 1002
1181 999
1182 991
1183 979
1184 976
1185 970
1186 957
1187 941
1188 937
1189 934
1190 924
1191 919
1192 913
1193 908
1194 903
1195 893
1196 889
1197 883
1198 882
1199 877
1200 865
1201 860
1202 856
1203 850
1204 840
1205 836
1206 828
1207 820
1208 820
1209 809
1210 804
1211 803
1212 803
1213 802
1214 787
1215 777
1216 512  # compresses ieta bin 19, pt 0
1217 22527
1218 21503
1219 22527
1220 22527
1221 21503
1222 21503
1223 20479
1224 20479
1225 19455
1226 19455
1227 18431
1228 19455
1229 17407
1230 18431
1231 16383
1232 17407
1233 16383
1234 14335
1235 13311
1236 12287
1237 9215
1238 8191
1239 6143
1240 4095
1241 2047
1242 1021
1243 1011
1244 998
1245 999
1246 991
1247 979
1248 976
1249 970
1250 957
1251 941
1252 937
1253 934
1254 924
1255 918
1256 913
1257 908
1258 900
1259 893
1260 889
1261 883
1262 882
1263 877
1264 865
1265 860
1266 856
1267 850
1268 840
1269 836
1270 826
1271 820
1272 820
1273 809
1274 804
1275 803
1276 803
1277 802
1278 787
1279 777
1280 512  # compresses ieta bin 20, pt 0
1281 22527
1282 21503
1283 22527
1284 22527
1285 21503
1286 21503
1287 20479
1288 20479
1289 19455
1290 19455
1291 18431
1292 19455
1293 17407
1294 17407
1295 16383
1296 16383
1297 15359
1298 13311
1299 12287
1300 10239
1301 8191
1302 6143
1303 5119
1304 2046
1305 1016
1306 1011
1307 1001
1308 993
1309 989
1310 982
1311 970
1312 968
1313 961
1314 945
1315 933
1316 926
1317 924
1318 914
1319 909
1320 904
1321 896
1322 889
1323 882
1324 879
1325 873
1326 872
1327 865
1328 853
1329 849
1330 845
1331 840
1332 833
1333 828
1334 819
1335 814
1336 812
1337 801
1338 797
1339 796
1340 797
1341 796
1342 779
1343 770
1344 512  # compresses ieta bin 21, pt 0
1345 21503
1346 21503
1347 21503
1348 22527
1349 21503
1350 19455
1351 19455
1352 18431
1353 17407
1354 17407
1355 15359
1356 16383
1357 14335
1358 14335
1359 12287
1360 12287
1361 11263
1362 10239
1363 9215
1364 7167
1365 5119
1366 3071
1367 1022
1368 1004
1369 994
1370 990
1371 981
1372 973
1373 971
1374 964
1375 953
1376 951
1377 945
1378 929
1379 919
1380 916
1381 913
1382 904
1383 902
1384 895
1385 890
1386 883
1387 877
1388 871
1389 865
1390 865
1391 858
1392 847
1393 843
1394 839
1395 834
1396 827
1397 823
1398 814
1399 809
1400 807
1401 795
1402 791
1403 792
1404 791
1405 790
1406 770
1407 759
1408 512  # compresses ieta bin 22, pt 0
1409 20479
1410 20479
1411 21503
1412 21503
1413 20479
1414 18431
1415 18431
1416 17407
1417 16383
1418 16383
1419 15359
1420 15359
1421 13311
1422 13311
1423 11263
1424 11263
1425 11263
1426 9215
1427 8191
1428 6143
1429 5119
1430 3071
1431 1022
1432 1004
1433 994
1434 990
1435 981
1436 969
1437 971
1438 964
1439 953
1440 951
1441 945
1442 929
1443 919
1444 916
1445 913
1446 904
1447 902
1448 894
1449 887
1450 883
1451 874
1452 871
1453 865
1454 865
1455 858
1456 847
1457 843
1458 837
1459 834
1460 827
1461 823
1462 814
1463 807
1464 807
1465 795
1466 791
1467 790
1468 791
1469 789
1470 770
1471 759
1472 512  # compresses ieta bin 23, pt 0
1473 19455
1474 18431
1475 19455
1476 19455
1477 18431
1478 17407
1479 16383
1480 15359
1481 14335
1482 14335
1483 13311
1484 13311
1485 11263
1486 11263
1487 9215
1488 10239
1489 9215
1490 7167
1491 6143
1492 4095
1493 2045
1494 1015
1495 1004
1496 987
1497 978
1498 974
1499 962
1500 955
1501 957
1502 950
1503 940
1504 938
1505 933
1506 922
1507 911
1508 905
1509 903
1510 895
1511 893
1512 888
1513 881
1514 875
1515 869
1516 863
1517 857
1518 857
1519 851
1520 840
1521 836
1522 833
1523 828
1524 822
1525 818
1526 809
1527 802
1528 802
1529 790
1530 787
1531 786
1532 787
1533 785
1534 765
1535 754
1536 512  # compresses ieta bin 24, pt 0
1537 17407
1538 16383
1539 16383
1540 16383
1541 15359
1542 14335
1543 14335
1544 13311
1545 12287
1546 12287
1547 12287
1548 12287
1549 11263
1550 11263
1551 9215
1552 9215
1553 8191
1554 7167
1555 6143
1556 4095
1557 2045
1558 1015
1559 1010
1560 987
1561 978
1562 974
1563 966
1564 955
1565 957
1566 950
1567 940
1568 938
1569 933
1570 922
1571 911
1572 905
1573 903
1574 898
1575 893
1576 888
1577 881
1578 875
1579 869
1580 865
1581 857
1582 857
1583 853
1584 842
1585 838
1586 833
1587 828
1588 822
1589 818
1590 809
1591 804
1592 802
1593 790
1594 787
1595 788
1596 787
1597 785
1598 767
1599 757
1600 512  # compresses ieta bin 25, pt 0
1601 14335
1602 13311
1603 13311
1604 12287
1605 11263
1606 10239
1607 10239
1608 10239
1609 10239
1610 10239
1611 10239
1612 11263
1613 9215
1614 9215
1615 7167
1616 7167
1617 7167
1618 6143
1619 5119
1620 3071
1621 1022
1622 1015
1623 1010
1624 987
1625 978
1626 974
1627 966
1628 955
1629 957
1630 950
1631 940
1632 938
1633 933
1634 922
1635 911
1636 909
1637 903
1638 898
1639 893
1640 888
1641 881
1642 875
1643 869
1644 865
1645 860
1646 860
1647 853
1648 842
1649 838
1650 833
1651 830
1652 822
1653 818
1654 809
1655 804
1656 802
1657 792
1658 788
1659 788
1660 787
1661 786
1662 770
1663 759
1664 512  # compresses ieta bin 26, pt 0
1665 27647
1666 26623
1667 24575
1668 24575
1669 24575
1670 23551
1671 22527
1672 20479
1673 18431
1674 18431
1675 19455
1676 20479
1677 18431
1678 18431
1679 17407
1680 17407
1681 15359
1682 14335
1683 13311
1684 12287
1685 10239
1686 9215
1687 9215
1688 7167
1689 5119
1690 4095
1691 2046
1692 1012
1693 1013
1694 1004
1695 992
1696 989
1697 986
1698 972
1699 959
1700 955
1701 954
1702 944
1703 940
1704 937
1705 931
1706 926
1707 918
1708 913
1709 907
1710 905
1711 894
1712 881
1713 877
1714 872
1715 867
1716 861
1717 855
1718 847
1719 840
1720 839
1721 826
1722 822
1723 822
1724 821
1725 820
1726 803
1727 793
1728 512  # compresses ieta bin 27, pt 0
1729 36863
1730 38911
1731 36863
1732 40959
1733 31743
1734 31743
1735 30719
1736 27647
1737 26623
1738 25599
1739 25599
1740 26623
1741 23551
1742 23551
1743 21503
1744 21503
1745 20479
1746 19455
1747 18431
1748 16383
1749 15359
1750 14335
1751 14335
1752 12287
1753 10239
1754 8191
1755 6143
1756 4095
1757 3071
1758 1022
1759 1013
1760 1010
1761 1002
1762 991
1763 982
1764 980
1765 975
1766 967
1767 962
1768 958
1769 952
1770 946
1771 937
1772 935
1773 927
1774 925
1775 913
1776 896
1777 894
1778 890
1779 885
1780 878
1781 873
1782 865
1783 860
1784 858
1785 846
1786 841
1787 840
1788 841
1789 839
1790 818
1791 807
1792 512  # compresses ieta bin 28, pt 0
1793 13311
1794 10239
1795 8191
1796 7167
1797 4095
1798 4095
1799 2044
1800 995
1801 953
1802 944
1803 918
1804 912
1805 898
1806 883
1807 871
1808 858
1809 855
1810 842
1811 838
1812 834
1813 825
1814 821
1815 819
1816 805
1817 799
1818 797
1819 796
1820 790
1821 789
1822 784
1823 784
1824 779
1825 775
1826 770
1827 763
1828 760
1829 760
1830 757
1831 757
1832 754
1833 746
1834 741
1835 734
1836 729
1837 723
1838 724
1839 722
1840 717
1841 714
1842 704
1843 701
1844 696
1845 694
1846 688
1847 685
1848 683
1849 674
1850 671
1851 670
1852 669
1853 667
1854 658
1855 650
1856 512  # compresses ieta bin 29, pt 0
1857 21503
1858 18431
1859 15359
1860 14335
1861 10239
1862 6143
1863 2047
1864 995
1865 963
1866 944
1867 927
1868 921
1869 896
1870 875
1871 870
1872 850
1873 847
1874 827
1875 808
1876 799
1877 792
1878 784
1879 783
1880 771
1881 765
1882 756
1883 746
1884 742
1885 739
1886 739
1887 736
1888 737
1889 734
1890 728
1891 718
1892 713
1893 705
1894 701
1895 697
1896 693
1897 693
1898 687
1899 684
1900 681
1901 677
1902 677
1903 676
1904 672
1905 671
1906 659
1907 656
1908 652
1909 651
1910 647
1911 644
1912 643
1913 637
1914 634
1915 634
1916 633
1917 632
1918 623
1919 615
1920 512  # compresses ieta bin 30, pt 0
1921 21503
1922 18431
1923 15359
1924 14335
1925 10239
1926 6143
1927 2047
1928 995
1929 954
1930 944
1931 918
1932 911
1933 896
1934 873
1935 861
1936 841
1937 839
1938 812
1939 794
1940 779
1941 771
1942 759
1943 760
1944 744
1945 744
1946 739
1947 735
1948 732
1949 729
1950 730
1951 727
1952 724
1953 722
1954 716
1955 711
1956 706
1957 702
1958 694
1959 691
1960 687
1961 687
1962 681
1963 679
1964 679
1965 676
1966 674
1967 674
1968 670
1969 668
1970 657
1971 654
1972 652
1973 649
1974 647
1975 644
1976 643
1977 637
1978 634
1979 634
1980 633
1981 632
1982 623
1983 615
1984 512  # compresses ieta bin 31, pt 0
1985 21503
1986 18431
1987 15359
1988 13311
1989 10239
1990 6143
1991 2047
1992 995
1993 952
1994 935
1995 917
1996 903
1997 878
1998 855
1999 843
2000 824
2001 814
2002 796
2003 779
2004 765
2005 752
2006 740
2007 736
2008 720
2009 716
2010 713
2011 705
2012 708
2013 706
2014 704
2015 705
2016 703
2017 701
2018 701
2019 696
2020 692
2021 688
2022 684
2023 684
2024 678
2025 681
2026 678
2027 676
2028 673
2029 671
2030 672
2031 671
2032 668
2033 664
2034 657
2035 652
2036 650
2037 649
2038 647
2039 644
2040 642
2041 637
2042 634
2043 633
2044 633
2045 631
2046 622
2047 615
2048 512  # compresses ieta bin 32, pt 0
2049 21503
2050 17407
2051 15359
2052 13311
2053 9215
2054 5119
2055 1018
2056 973
2057 941
2058 923
2059 896
2060 891
2061 860
2062 837
2063 817
2064 798
2065 789
2066 772
2067 751
2068 737
2069 726
2070 716
2071 712
2072 703
2073 695
2074 692
2075 685
2076 684
2077 682
2078 681
2079 684
2080 678
2081 677
2082 673
2083 670
2084 667
2085 664
2086 661
2087 659
2088 654
2089 658
2090 653
2091 651
2092 649
2093 648
2094 647
2095 645
2096 640
2097 638
2098 630
2099 627
2100 625
2101 624
2102 623
2103 621
2104 620
2105 614
2106 614
2107 614
2108 614
2109 612
2110 604
2111 596
2112 512  # compresses ieta bin 33, pt 0
2113 23551
2114 19455
2115 18431
2116 16383
2117 13311
2118 9215
2119 6143
2120 3071
2121 1021
2122 997
2123 969
2124 952
2125 915
2126 882
2127 870
2128 858
2129 855
2130 827
2131 802
2132 786
2133 773
2134 765
2135 761
2136 754
2137 745
2138 745
2139 736
2140 732
2141 733
2142 735
2143 731
2144 733
2145 726
2146 724
2147 715
2148 710
2149 708
2150 701
2151 700
2152 694
2153 696
2154 693
2155 687
2156 687
2157 687
2158 689
2159 688
2160 683
2161 679
2162 671
2163 668
2164 663
2165 664
2166 659
2167 657
2168 655
2169 649
2170 646
2171 643
2172 643
2173 642
2174 631
2175 623
2176 512  # compresses ieta bin 34, pt 0
2177 27647
2178 25599
2179 22527
2180 18431
2181 14335
2182 9215
2183 7167
2184 4095
2185 2047
2186 1008
2187 989
2188 970
2189 926
2190 892
2191 879
2192 875
2193 872
2194 842
2195 816
2196 799
2197 785
2198 778
2199 771
2200 760
2201 755
2202 750
2203 741
2204 737
2205 738
2206 739
2207 736
2208 733
2209 730
2210 724
2211 718
2212 713
2213 708
2214 704
2215 700
2216 696
2217 696
2218 693
2219 687
2220 687
2221 687
2222 689
2223 688
2224 683
2225 679
2226 671
2227 668
2228 663
2229 664
2230 659
2231 657
2232 655
2233 649
2234 646
2235 643
2236 643
2237 642
2238 631
2239 623
2240 512  # compresses ieta bin 35, pt 0
2241 27647
2242 25599
2243 23551
2244 18431
2245 15359
2246 10239
2247 8191
2248 6143
2249 3071
2250 1019
2251 999
2252 980
2253 953
2254 910
2255 897
2256 892
2257 888
2258 851
2259 817
2260 799
2261 785
2262 778
2263 777
2264 760
2265 755
2266 750
2267 745
2268 742
2269 738
2270 739
2271 736
2272 737
2273 734
2274 728
2275 718
2276 717
2277 712
2278 704
2279 703
2280 699
2281 696
2282 693
2283 690
2284 689
2285 689
2286 689
2287 688
2288 683
2289 681
2290 673
2291 670
2292 665
2293 665
2294 661
2295 658
2296 658
2297 651
2298 648
2299 646
2300 644
2301 643
2302 634
2303 625
2304 512  # compresses ieta bin 36, pt 0
2305 27647
2306 25599
2307 23551
2308 19455
2309 16383
2310 11263
2311 9215
2312 7167
2313 3071
2314 1019
2315 999
2316 981
2317 953
2318 911
2319 898
2320 892
2321 888
2322 851
2323 817
2324 799
2325 785
2326 778
2327 777
2328 760
2329 755
2330 750
2331 745
2332 742
2333 738
2334 739
2335 736
2336 737
2337 734
2338 728
2339 718
2340 717
2341 712
2342 707
2343 703
2344 699
2345 699
2346 696
2347 690
2348 689
2349 689
2350 692
2351 691
2352 686
2353 681
2354 673
2355 670
2356 667
2357 665
2358 661
2359 658
2360 658
2361 653
2362 648
2363 646
2364 646
2365 644
2366 634
2367 625
2368 512  # compresses ieta bin 37, pt 0
2369 27647
2370 25599
2371 23551
2372 19455
2373 16383
2374 11263
2375 9215
2376 7167
2377 3071
2378 1019
2379 999
2380 981
2381 953
2382 911
2383 898
2384 892
2385 888
2386 851
2387 817
2388 799
2389 785
2390 778
2391 777
2392 760
2393 755
2394 750
2395 745
2396 742
2397 738
2398 739
2399 736
2400 737
2401 734
2402 728
2403 718
2404 717
2405 712
2406 707
2407 703
2408 699
2409 699
2410 696
2411 690
2412 689
2413 689
2414 692
2415 691
2416 686
2417 681
2418 673
2419 670
2420 667
2421 665
2422 661
2423 658
2424 658
2425 653
2426 648
2427 646
2428 646
2429 644
2430 634
2431 625
2432 512  # compresses ieta bin 38, pt 0
2433 27647
2434 25599
2435 23551
2436 19455
2437 17407
2438 14335
2439 12287
2440 10239
2441 9215
2442 7167
2443 5119
2444 3071
2445 1010
2446 967
2447 967
2448 960
2449 972
2450 927
2451 896
2452 875
2453 863
2454 853
2455 849
2456 822
2457 820
2458 802
2459 796
2460 790
2461 789
2462 789
2463 784
2464 775
2465 771
2466 766
2467 759
2468 756
2469 749
2470 744
2471 741
2472 736
2473 737
2474 733
2475 728
2476 727
2477 720
2478 719
2479 719
2480 715
2481 711
2482 702
2483 699
2484 695
2485 694
2486 690
2487 688
2488 686
2489 682
2490 677
2491 675
2492 675
2493 674
2494 663
2495 655
2496 512  # compresses ieta bin 39, pt 0
2497 27647
2498 25599
2499 23551
2500 19455
2501 17407
2502 14335
2503 12287
2504 10239
2505 9215
2506 7167
2507 5119
2508 3071
2509 1010
2510 967
2511 967
2512 960
2513 972
2514 927
2515 896
2516 875
2517 863
2518 853
2519 849
2520 822
2521 820
2522 802
2523 796
2524 790
2525 789
2526 789
2527 784
2528 775
2529 771
2530 766
2531 759
2532 756
2533 749
2534 744
2535 741
2536 736
2537 737
2538 733
2539 728
2540 727
2541 720
2542 719
2543 719
2544 715
2545 711
2546 702
2547 699
2548 695
2549 694
2550 690
2551 688
2552 686
2553 682
2554 677
2555 675
2556 675
2557 674
2558 663
2559 655
2560 0 # dummy
2561 0 # dummy
2562 0 # dummy
2563 0 # dummy
2564 0 # dummy
2565 0 # dummy
2566 0 # dummy
2567 0 # dummy
2568 0 # dummy
2569 0 # dummy
2570 0 # dummy
2571 0 # dummy
2572 0 # dummy
2573 0 # dummy
2574 0 # dummy
2575 0 # dummy
2576 0 # dummy
2577 0 # dummy
2578 0 # dummy
2579 0 # dummy
2580 0 # dummy
2581 0 # dummy
2582 0 # dummy
2583 0 # dummy
2584 0 # dummy
2585 0 # dummy
2586 0 # dummy
2587 0 # dummy
2588 0 # dummy
2589 0 # dummy
2590 0 # dummy
2591 0 # dummy
2592 0 # dummy
2593 0 # dummy
2594 0 # dummy
2595 0 # dummy
2596 0 # dummy
2597 0 # dummy
2598 0 # dummy
2599 0 # dummy
2600 0 # dummy
2601 0 # dummy
2602 0 # dummy
2603 0 # dummy
2604 0 # dummy
2605 0 # dummy
2606 0 # dummy
2607 0 # dummy
2608 0 # dummy
2609 0 # dummy
2610 0 # dummy
2611 0 # dummy
2612 0 # dummy
2613 0 # dummy
2614 0 # dummy
2615 0 # dummy
2616 0 # dummy
2617 0 # dummy
2618 0 # dummy
2619 0 # dummy
2620 0 # dummy
2621 0 # dummy
2622 0 # dummy
2623 0 # dummy
2624 0 # dummy
2625 0 # dummy
2626 0 # dummy
2627 0 # dummy
2628 0 # dummy
2629 0 # dummy
2630 0 # dummy
2631 0 # dummy
2632 0 # dummy
2633 0 # dummy
2634 0 # dummy
2635 0 # dummy
2636 0 # dummy
2637 0 # dummy
2638 0 # dummy
2639 0 # dummy
2640 0 # dummy
2641 0 # dummy
2642 0 # dummy
2643 0 # dummy
2644 0 # dummy
2645 0 # dummy
2646 0 # dummy
2647 0 # dummy
2648 0 # dummy
2649 0 # dummy
2650 0 # dummy
2651 0 # dummy
2652 0 # dummy
2653 0 # dummy
2654 0 # dummy
2655 0 # dummy
2656 0 # dummy
2657 0 # dummy
2658 0 # dummy
2659 0 # dummy
2660 0 # dummy
2661 0 # dummy
2662 0 # dummy
2663 0 # dummy
2664 0 # dummy
2665 0 # dummy
2666 0 # dummy
2667 0 # dummy
2668 0 # dummy
2669 0 # dummy
2670 0 # dummy
2671 0 # dummy
2672 0 # dummy
2673 0 # dummy
2674 0 # dummy
2675 0 # dummy
2676 0 # dummy
2677 0 # dummy
2678 0 # dummy
2679 0 # dummy
2680 0 # dummy
2681 0 # dummy
2682 0 # dummy
2683 0 # dummy
2684 0 # dummy
2685 0 # dummy
2686 0 # dummy
2687 0 # dummy
2688 0 # dummy
2689 0 # dummy
2690 0 # dummy
2691 0 # dummy
2692 0 # dummy
2693 0 # dummy
2694 0 # dummy
2695 0 # dummy
2696 0 # dummy
2697 0 # dummy
2698 0 # dummy
2699 0 # dummy
2700 0 # dummy
2701 0 # dummy
2702 0 # dummy
2703 0 # dummy
2704 0 # dummy
2705 0 # dummy
2706 0 # dummy
2707 0 # dummy
2708 0 # dummy
2709 0 # dummy
2710 0 # dummy
2711 0 # dummy
2712 0 # dummy
2713 0 # dummy
2714 0 # dummy
2715 0 # dummy
2716 0 # dummy
2717 0 # dummy
2718 0 # dummy
2719 0 # dummy
2720 0 # dummy
2721 0 # dummy
2722 0 # dummy
2723 0 # dummy
2724 0 # dummy
2725 0 # dummy
2726 0 # dummy
2727 0 # dummy
2728 0 # dummy
2729 0 # dummy
2730 0 # dummy
2731 0 # dummy
2732 0 # dummy
2733 0 # dummy
2734 0 # dummy
2735 0 # dummy
2736 0 # dummy
2737 0 # dummy
2738 0 # dummy
2739 0 # dummy
2740 0 # dummy
2741 0 # dummy
2742 0 # dummy
2743 0 # dummy
2744 0 # dummy
2745 0 # dummy
2746 0 # dummy
2747 0 # dummy
2748 0 # dummy
2749 0 # dummy
2750 0 # dummy
2751 0 # dummy
2752 0 # dummy
2753 0 # dummy
2754 0 # dummy
2755 0 # dummy
2756 0 # dummy
2757 0 # dummy
2758 0 # dummy
2759 0 # dummy
2760 0 # dummy
2761 0 # dummy
2762 0 # dummy
2763 0 # dummy
2764 0 # dummy
2765 0 # dummy
2766 0 # dummy
2767 0 # dummy
2768 0 # dummy
2769 0 # dummy
2770 0 # dummy
2771 0 # dummy
2772 0 # dummy
2773 0 # dummy
2774 0 # dummy
2775 0 # dummy
2776 0 # dummy
2777 0 # dummy
2778 0 # dummy
2779 0 # dummy
2780 0 # dummy
2781 0 # dummy
2782 0 # dummy
2783 0 # dummy
2784 0 # dummy
2785 0 # dummy
2786 0 # dummy
2787 0 # dummy
2788 0 # dummy
2789 0 # dummy
2790 0 # dummy
2791 0 # dummy
2792 0 # dummy
2793 0 # dummy
2794 0 # dummy
2795 0 # dummy
2796 0 # dummy
2797 0 # dummy
2798 0 # dummy
2799 0 # dummy
2800 0 # dummy
2801 0 # dummy
2802 0 # dummy
2803 0 # dummy
2804 0 # dummy
2805 0 # dummy
2806 0 # dummy
2807 0 # dummy
2808 0 # dummy
2809 0 # dummy
2810 0 # dummy
2811 0 # dummy
2812 0 # dummy
2813 0 # dummy
2814 0 # dummy
2815 0 # dummy
2816 0 # dummy
2817 0 # dummy
2818 0 # dummy
2819 0 # dummy
2820 0 # dummy
2821 0 # dummy
2822 0 # dummy
2823 0 # dummy
2824 0 # dummy
2825 0 # dummy
2826 0 # dummy
2827 0 # dummy
2828 0 # dummy
2829 0 # dummy
2830 0 # dummy
2831 0 # dummy
2832 0 # dummy
2833 0 # dummy
2834 0 # dummy
2835 0 # dummy
2836 0 # dummy
2837 0 # dummy
2838 0 # dummy
2839 0 # dummy
2840 0 # dummy
2841 0 # dummy
2842 0 # dummy
2843 0 # dummy
2844 0 # dummy
2845 0 # dummy
2846 0 # dummy
2847 0 # dummy
2848 0 # dummy
2849 0 # dummy
2850 0 # dummy
2851 0 # dummy
2852 0 # dummy
2853 0 # dummy
2854 0 # dummy
2855 0 # dummy
2856 0 # dummy
2857 0 # dummy
2858 0 # dummy
2859 0 # dummy
2860 0 # dummy
2861 0 # dummy
2862 0 # dummy
2863 0 # dummy
2864 0 # dummy
2865 0 # dummy
2866 0 # dummy
2867 0 # dummy
2868 0 # dummy
2869 0 # dummy
2870 0 # dummy
2871 0 # dummy
2872 0 # dummy
2873 0 # dummy
2874 0 # dummy
2875 0 # dummy
2876 0 # dummy
2877 0 # dummy
2878 0 # dummy
2879 0 # dummy
2880 0 # dummy
2881 0 # dummy
2882 0 # dummy
2883 0 # dummy
2884 0 # dummy
2885 0 # dummy
2886 0 # dummy
2887 0 # dummy
2888 0 # dummy
2889 0 # dummy
2890 0 # dummy
2891 0 # dummy
2892 0 # dummy
2893 0 # dummy
2894 0 # dummy
2895 0 # dummy
2896 0 # dummy
2897 0 # dummy
2898 0 # dummy
2899 0 # dummy
2900 0 # dummy
2901 0 # dummy
2902 0 # dummy
2903 0 # dummy
2904 0 # dummy
2905 0 # dummy
2906 0 # dummy
2907 0 # dummy
2908 0 # dummy
2909 0 # dummy
2910 0 # dummy
2911 0 # dummy
2912 0 # dummy
2913 0 # dummy
2914 0 # dummy
2915 0 # dummy
2916 0 # dummy
2917 0 # dummy
2918 0 # dummy
2919 0 # dummy
2920 0 # dummy
2921 0 # dummy
2922 0 # dummy
2923 0 # dummy
2924 0 # dummy
2925 0 # dummy
2926 0 # dummy
2927 0 # dummy
2928 0 # dummy
2929 0 # dummy
2930 0 # dummy
2931 0 # dummy
2932 0 # dummy
2933 0 # dummy
2934 0 # dummy
2935 0 # dummy
2936 0 # dummy
2937 0 # dummy
2938 0 # dummy
2939 0 # dummy
2940 0 # dummy
2941 0 # dummy
2942 0 # dummy
2943 0 # dummy
2944 0 # dummy
2945 0 # dummy
2946 0 # dummy
2947 0 # dummy
2948 0 # dummy
2949 0 # dummy
2950 0 # dummy
2951 0 # dummy
2952 0 # dummy
2953 0 # dummy
2954 0 # dummy
2955 0 # dummy
2956 0 # dummy
2957 0 # dummy
2958 0 # dummy
2959 0 # dummy
2960 0 # dummy
2961 0 # dummy
2962 0 # dummy
2963 0 # dummy
2964 0 # dummy
2965 0 # dummy
2966 0 # dummy
2967 0 # dummy
2968 0 # dummy
2969 0 # dummy
2970 0 # dummy
2971 0 # dummy
2972 0 # dummy
2973 0 # dummy
2974 0 # dummy
2975 0 # dummy
2976 0 # dummy
2977 0 # dummy
2978 0 # dummy
2979 0 # dummy
2980 0 # dummy
2981 0 # dummy
2982 0 # dummy
2983 0 # dummy
2984 0 # dummy
2985 0 # dummy
2986 0 # dummy
2987 0 # dummy
2988 0 # dummy
2989 0 # dummy
2990 0 # dummy
2991 0 # dummy
2992 0 # dummy
2993 0 # dummy
2994 0 # dummy
2995 0 # dummy
2996 0 # dummy
2997 0 # dummy
2998 0 # dummy
2999 0 # dummy
3000 0 # dummy
3001 0 # dummy
3002 0 # dummy
3003 0 # dummy
3004 0 # dummy
3005 0 # dummy
3006 0 # dummy
3007 0 # dummy
3008 0 # dummy
3009 0 # dummy
3010 0 # dummy
3011 0 # dummy
3012 0 # dummy
3013 0 # dummy
3014 0 # dummy
3015 0 # dummy
3016 0 # dummy
3017 0 # dummy
3018 0 # dummy
3019 0 # dummy
3020 0 # dummy
3021 0 # dummy
3022 0 # dummy
3023 0 # dummy
3024 0 # dummy
3025 0 # dummy
3026 0 # dummy
3027 0 # dummy
3028 0 # dummy
3029 0 # dummy
3030 0 # dummy
3031 0 # dummy
3032 0 # dummy
3033 0 # dummy
3034 0 # dummy
3035 0 # dummy
3036 0 # dummy
3037 0 # dummy
3038 0 # dummy
3039 0 # dummy
3040 0 # dummy
3041 0 # dummy
3042 0 # dummy
3043 0 # dummy
3044 0 # dummy
3045 0 # dummy
3046 0 # dummy
3047 0 # dummy
3048 0 # dummy
3049 0 # dummy
3050 0 # dummy
3051 0 # dummy
3052 0 # dummy
3053 0 # dummy
3054 0 # dummy
3055 0 # dummy
3056 0 # dummy
3057 0 # dummy
3058 0 # dummy
3059 0 # dummy
3060 0 # dummy
3061 0 # dummy
3062 0 # dummy
3063 0 # dummy
3064 0 # dummy
3065 0 # dummy
3066 0 # dummy
3067 0 # dummy
3068 0 # dummy
3069 0 # dummy
3070 0 # dummy
3071 0 # dummy
3072 0 # dummy
3073 0 # dummy
3074 0 # dummy
3075 0 # dummy
3076 0 # dummy
3077 0 # dummy
3078 0 # dummy
3079 0 # dummy
3080 0 # dummy
3081 0 # dummy
3082 0 # dummy
3083 0 # dummy
3084 0 # dummy
3085 0 # dummy
3086 0 # dummy
3087 0 # dummy
3088 0 # dummy
3089 0 # dummy
3090 0 # dummy
3091 0 # dummy
3092 0 # dummy
3093 0 # dummy
3094 0 # dummy
3095 0 # dummy
3096 0 # dummy
3097 0 # dummy
3098 0 # dummy
3099 0 # dummy
3100 0 # dummy
3101 0 # dummy
3102 0 # dummy
3103 0 # dummy
3104 0 # dummy
3105 0 # dummy
3106 0 # dummy
3107 0 # dummy
3108 0 # dummy
3109 0 # dummy
3110 0 # dummy
3111 0 # dummy
3112 0 # dummy
3113 0 # dummy
3114 0 # dummy
3115 0 # dummy
3116 0 # dummy
3117 0 # dummy
3118 0 # dummy
3119 0 # dummy
3120 0 # dummy
3121 0 # dummy
3122 0 # dummy
3123 0 # dummy
3124 0 # dummy
3125 0 # dummy
3126 0 # dummy
3127 0 # dummy
3128 0 # dummy
3129 0 # dummy
3130 0 # dummy
3131 0 # dummy
3132 0 # dummy
3133 0 # dummy
3134 0 # dummy
3135 0 # dummy
3136 0 # dummy
3137 0 # dummy
3138 0 # dummy
3139 0 # dummy
3140 0 # dummy
3141 0 # dummy
3142 0 # dummy
3143 0 # dummy
3144 0 # dummy
3145 0 # dummy
3146 0 # dummy
3147 0 # dummy
3148 0 # dummy
3149 0 # dummy
3150 0 # dummy
3151 0 # dummy
3152 0 # dummy
3153 0 # dummy
3154 0 # dummy
3155 0 # dummy
3156 0 # dummy
3157 0 # dummy
3158 0 # dummy
3159 0 # dummy
3160 0 # dummy
3161 0 # dummy
3162 0 # dummy
3163 0 # dummy
3164 0 # dummy
3165 0 # dummy
3166 0 # dummy
3167 0 # dummy
3168 0 # dummy
3169 0 # dummy
3170 0 # dummy
3171 0 # dummy
3172 0 # dummy
3173 0 # dummy
3174 0 # dummy
3175 0 # dummy
3176 0 # dummy
3177 0 # dummy
3178 0 # dummy
3179 0 # dummy
3180 0 # dummy
3181 0 # dummy
3182 0 # dummy
3183 0 # dummy
3184 0 # dummy
3185 0 # dummy
3186 0 # dummy
3187 0 # dummy
3188 0 # dummy
3189 0 # dummy
3190 0 # dummy
3191 0 # dummy
3192 0 # dummy
3193 0 # dummy
3194 0 # dummy
3195 0 # dummy
3196 0 # dummy
3197 0 # dummy
3198 0 # dummy
3199 0 # dummy
3200 0 # dummy
3201 0 # dummy
3202 0 # dummy
3203 0 # dummy
3204 0 # dummy
3205 0 # dummy
3206 0 # dummy
3207 0 # dummy
3208 0 # dummy
3209 0 # dummy
3210 0 # dummy
3211 0 # dummy
3212 0 # dummy
3213 0 # dummy
3214 0 # dummy
3215 0 # dummy
3216 0 # dummy
3217 0 # dummy
3218 0 # dummy
3219 0 # dummy
3220 0 # dummy
3221 0 # dummy
3222 0 # dummy
3223 0 # dummy
3224 0 # dummy
3225 0 # dummy
3226 0 # dummy
3227 0 # dummy
3228 0 # dummy
3229 0 # dummy
3230 0 # dummy
3231 0 # dummy
3232 0 # dummy
3233 0 # dummy
3234 0 # dummy
3235 0 # dummy
3236 0 # dummy
3237 0 # dummy
3238 0 # dummy
3239 0 # dummy
3240 0 # dummy
3241 0 # dummy
3242 0 # dummy
3243 0 # dummy
3244 0 # dummy
3245 0 # dummy
3246 0 # dummy
3247 0 # dummy
3248 0 # dummy
3249 0 # dummy
3250 0 # dummy
3251 0 # dummy
3252 0 # dummy
3253 0 # dummy
3254 0 # dummy
3255 0 # dummy
3256 0 # dummy
3257 0 # dummy
3258 0 # dummy
3259 0 # dummy
3260 0 # dummy
3261 0 # dummy
3262 0 # dummy
3263 0 # dummy
3264 0 # dummy
3265 0 # dummy
3266 0 # dummy
3267 0 # dummy
3268 0 # dummy
3269 0 # dummy
3270 0 # dummy
3271 0 # dummy
3272 0 # dummy
3273 0 # dummy
3274 0 # dummy
3275 0 # dummy
3276 0 # dummy
3277 0 # dummy
3278 0 # dummy
3279 0 # dummy
3280 0 # dummy
3281 0 # dummy
3282 0 # dummy
3283 0 # dummy
3284 0 # dummy
3285 0 # dummy
3286 0 # dummy
3287 0 # dummy
3288 0 # dummy
3289 0 # dummy
3290 0 # dummy
3291 0 # dummy
3292 0 # dummy
3293 0 # dummy
3294 0 # dummy
3295 0 # dummy
3296 0 # dummy
3297 0 # dummy
3298 0 # dummy
3299 0 # dummy
3300 0 # dummy
3301 0 # dummy
3302 0 # dummy
3303 0 # dummy
3304 0 # dummy
3305 0 # dummy
3306 0 # dummy
3307 0 # dummy
3308 0 # dummy
3309 0 # dummy
3310 0 # dummy
3311 0 # dummy
3312 0 # dummy
3313 0 # dummy
3314 0 # dummy
3315 0 # dummy
3316 0 # dummy
3317 0 # dummy
3318 0 # dummy
3319 0 # dummy
3320 0 # dummy
3321 0 # dummy
3322 0 # dummy
3323 0 # dummy
3324 0 # dummy
3325 0 # dummy
3326 0 # dummy
3327 0 # dummy
3328 0 # dummy
3329 0 # dummy
3330 0 # dummy
3331 0 # dummy
3332 0 # dummy
3333 0 # dummy
3334 0 # dummy
3335 0 # dummy
3336 0 # dummy
3337 0 # dummy
3338 0 # dummy
3339 0 # dummy
3340 0 # dummy
3341 0 # dummy
3342 0 # dummy
3343 0 # dummy
3344 0 # dummy
3345 0 # dummy
3346 0 # dummy
3347 0 # dummy
3348 0 # dummy
3349 0 # dummy
3350 0 # dummy
3351 0 # dummy
3352 0 # dummy
3353 0 # dummy
3354 0 # dummy
3355 0 # dummy
3356 0 # dummy
3357 0 # dummy
3358 0 # dummy
3359 0 # dummy
3360 0 # dummy
3361 0 # dummy
3362 0 # dummy
3363 0 # dummy
3364 0 # dummy
3365 0 # dummy
3366 0 # dummy
3367 0 # dummy
3368 0 # dummy
3369 0 # dummy
3370 0 # dummy
3371 0 # dummy
3372 0 # dummy
3373 0 # dummy
3374 0 # dummy
3375 0 # dummy
3376 0 # dummy
3377 0 # dummy
3378 0 # dummy
3379 0 # dummy
3380 0 # dummy
3381 0 # dummy
3382 0 # dummy
3383 0 # dummy
3384 0 # dummy
3385 0 # dummy
3386 0 # dummy
3387 0 # dummy
3388 0 # dummy
3389 0 # dummy
3390 0 # dummy
3391 0 # dummy
3392 0 # dummy
3393 0 # dummy
3394 0 # dummy
3395 0 # dummy
3396 0 # dummy
3397 0 # dummy
3398 0 # dummy
3399 0 # dummy
3400 0 # dummy
3401 0 # dummy
3402 0 # dummy
3403 0 # dummy
3404 0 # dummy
3405 0 # dummy
3406 0 # dummy
3407 0 # dummy
3408 0 # dummy
3409 0 # dummy
3410 0 # dummy
3411 0 # dummy
3412 0 # dummy
3413 0 # dummy
3414 0 # dummy
3415 0 # dummy
3416 0 # dummy
3417 0 # dummy
3418 0 # dummy
3419 0 # dummy
3420 0 # dummy
3421 0 # dummy
3422 0 # dummy
3423 0 # dummy
3424 0 # dummy
3425 0 # dummy
3426 0 # dummy
3427 0 # dummy
3428 0 # dummy
3429 0 # dummy
3430 0 # dummy
3431 0 # dummy
3432 0 # dummy
3433 0 # dummy
3434 0 # dummy
3435 0 # dummy
3436 0 # dummy
3437 0 # dummy
3438 0 # dummy
3439 0 # dummy
3440 0 # dummy
3441 0 # dummy
3442 0 # dummy
3443 0 # dummy
3444 0 # dummy
3445 0 # dummy
3446 0 # dummy
3447 0 # dummy
3448 0 # dummy
3449 0 # dummy
3450 0 # dummy
3451 0 # dummy
3452 0 # dummy
3453 0 # dummy
3454 0 # dummy
3455 0 # dummy
3456 0 # dummy
3457 0 # dummy
3458 0 # dummy
3459 0 # dummy
3460 0 # dummy
3461 0 # dummy
3462 0 # dummy
3463 0 # dummy
3464 0 # dummy
3465 0 # dummy
3466 0 # dummy
3467 0 # dummy
3468 0 # dummy
3469 0 # dummy
3470 0 # dummy
3471 0 # dummy
3472 0 # dummy
3473 0 # dummy
3474 0 # dummy
3475 0 # dummy
3476 0 # dummy
3477 0 # dummy
3478 0 # dummy
3479 0 # dummy
3480 0 # dummy
3481 0 # dummy
3482 0 # dummy
3483 0 # dummy
3484 0 # dummy
3485 0 # dummy
3486 0 # dummy
3487 0 # dummy
3488 0 # dummy
3489 0 # dummy
3490 0 # dummy
3491 0 # dummy
3492 0 # dummy
3493 0 # dummy
3494 0 # dummy
3495 0 # dummy
3496 0 # dummy
3497 0 # dummy
3498 0 # dummy
3499 0 # dummy
3500 0 # dummy
3501 0 # dummy
3502 0 # dummy
3503 0 # dummy
3504 0 # dummy
3505 0 # dummy
3506 0 # dummy
3507 0 # dummy
3508 0 # dummy
3509 0 # dummy
3510 0 # dummy
3511 0 # dummy
3512 0 # dummy
3513 0 # dummy
3514 0 # dummy
3515 0 # dummy
3516 0 # dummy
3517 0 # dummy
3518 0 # dummy
3519 0 # dummy
3520 0 # dummy
3521 0 # dummy
3522 0 # dummy
3523 0 # dummy
3524 0 # dummy
3525 0 # dummy
3526 0 # dummy
3527 0 # dummy
3528 0 # dummy
3529 0 # dummy
3530 0 # dummy
3531 0 # dummy
3532 0 # dummy
3533 0 # dummy
3534 0 # dummy
3535 0 # dummy
3536 0 # dummy
3537 0 # dummy
3538 0 # dummy
3539 0 # dummy
3540 0 # dummy
3541 0 # dummy
3542 0 # dummy
3543 0 # dummy
3544 0 # dummy
3545 0 # dummy
3546 0 # dummy
3547 0 # dummy
3548 0 # dummy
3549 0 # dummy
3550 0 # dummy
3551 0 # dummy
3552 0 # dummy
3553 0 # dummy
3554 0 # dummy
3555 0 # dummy
3556 0 # dummy
3557 0 # dummy
3558 0 # dummy
3559 0 # dummy
3560 0 # dummy
3561 0 # dummy
3562 0 # dummy
3563 0 # dummy
3564 0 # dummy
3565 0 # dummy
3566 0 # dummy
3567 0 # dummy
3568 0 # dummy
3569 0 # dummy
3570 0 # dummy
3571 0 # dummy
3572 0 # dummy
3573 0 # dummy
3574 0 # dummy
3575 0 # dummy
3576 0 # dummy
3577 0 # dummy
3578 0 # dummy
3579 0 # dummy
3580 0 # dummy
3581 0 # dummy
3582 0 # dummy
3583 0 # dummy
3584 0 # dummy
3585 0 # dummy
3586 0 # dummy
3587 0 # dummy
3588 0 # dummy
3589 0 # dummy
3590 0 # dummy
3591 0 # dummy
3592 0 # dummy
3593 0 # dummy
3594 0 # dummy
3595 0 # dummy
3596 0 # dummy
3597 0 # dummy
3598 0 # dummy
3599 0 # dummy
3600 0 # dummy
3601 0 # dummy
3602 0 # dummy
3603 0 # dummy
3604 0 # dummy
3605 0 # dummy
3606 0 # dummy
3607 0 # dummy
3608 0 # dummy
3609 0 # dummy
3610 0 # dummy
3611 0 # dummy
3612 0 # dummy
3613 0 # dummy
3614 0 # dummy
3615 0 # dummy
3616 0 # dummy
3617 0 # dummy
3618 0 # dummy
3619 0 # dummy
3620 0 # dummy
3621 0 # dummy
3622 0 # dummy
3623 0 # dummy
3624 0 # dummy
3625 0 # dummy
3626 0 # dummy
3627 0 # dummy
3628 0 # dummy
3629 0 # dummy
3630 0 # dummy
3631 0 # dummy
3632 0 # dummy
3633 0 # dummy
3634 0 # dummy
3635 0 # dummy
3636 0 # dummy
3637 0 # dummy
3638 0 # dummy
3639 0 # dummy
3640 0 # dummy
3641 0 # dummy
3642 0 # dummy
3643 0 # dummy
3644 0 # dummy
3645 0 # dummy
3646 0 # dummy
3647 0 # dummy
3648 0 # dummy
3649 0 # dummy
3650 0 # dummy
3651 0 # dummy
3652 0 # dummy
3653 0 # dummy
3654 0 # dummy
3655 0 # dummy
3656 0 # dummy
3657 0 # dummy
3658 0 # dummy
3659 0 # dummy
3660 0 # dummy
3661 0 # dummy
3662 0 # dummy
3663 0 # dummy
3664 0 # dummy
3665 0 # dummy
3666 0 # dummy
3667 0 # dummy
3668 0 # dummy
3669 0 # dummy
3670 0 # dummy
3671 0 # dummy
3672 0 # dummy
3673 0 # dummy
3674 0 # dummy
3675 0 # dummy
3676 0 # dummy
3677 0 # dummy
3678 0 # dummy
3679 0 # dummy
3680 0 # dummy
3681 0 # dummy
3682 0 # dummy
3683 0 # dummy
3684 0 # dummy
3685 0 # dummy
3686 0 # dummy
3687 0 # dummy
3688 0 # dummy
3689 0 # dummy
3690 0 # dummy
3691 0 # dummy
3692 0 # dummy
3693 0 # dummy
3694 0 # dummy
3695 0 # dummy
3696 0 # dummy
3697 0 # dummy
3698 0 # dummy
3699 0 # dummy
3700 0 # dummy
3701 0 # dummy
3702 0 # dummy
3703 0 # dummy
3704 0 # dummy
3705 0 # dummy
3706 0 # dummy
3707 0 # dummy
3708 0 # dummy
3709 0 # dummy
3710 0 # dummy
3711 0 # dummy
3712 0 # dummy
3713 0 # dummy
3714 0 # dummy
3715 0 # dummy
3716 0 # dummy
3717 0 # dummy
3718 0 # dummy
3719 0 # dummy
3720 0 # dummy
3721 0 # dummy
3722 0 # dummy
3723 0 # dummy
3724 0 # dummy
3725 0 # dummy
3726 0 # dummy
3727 0 # dummy
3728 0 # dummy
3729 0 # dummy
3730 0 # dummy
3731 0 # dummy
3732 0 # dummy
3733 0 # dummy
3734 0 # dummy
3735 0 # dummy
3736 0 # dummy
3737 0 # dummy
3738 0 # dummy
3739 0 # dummy
3740 0 # dummy
3741 0 # dummy
3742 0 # dummy
3743 0 # dummy
3744 0 # dummy
3745 0 # dummy
3746 0 # dummy
3747 0 # dummy
3748 0 # dummy
3749 0 # dummy
3750 0 # dummy
3751 0 # dummy
3752 0 # dummy
3753 0 # dummy
3754 0 # dummy
3755 0 # dummy
3756 0 # dummy
3757 0 # dummy
3758 0 # dummy
3759 0 # dummy
3760 0 # dummy
3761 0 # dummy
3762 0 # dummy
3763 0 # dummy
3764 0 # dummy
3765 0 # dummy
3766 0 # dummy
3767 0 # dummy
3768 0 # dummy
3769 0 # dummy
3770 0 # dummy
3771 0 # dummy
3772 0 # dummy
3773 0 # dummy
3774 0 # dummy
3775 0 # dummy
3776 0 # dummy
3777 0 # dummy
3778 0 # dummy
3779 0 # dummy
3780 0 # dummy
3781 0 # dummy
3782 0 # dummy
3783 0 # dummy
3784 0 # dummy
3785 0 # dummy
3786 0 # dummy
3787 0 # dummy
3788 0 # dummy
3789 0 # dummy
3790 0 # dummy
3791 0 # dummy
3792 0 # dummy
3793 0 # dummy
3794 0 # dummy
3795 0 # dummy
3796 0 # dummy
3797 0 # dummy
3798 0 # dummy
3799 0 # dummy
3800 0 # dummy
3801 0 # dummy
3802 0 # dummy
3803 0 # dummy
3804 0 # dummy
3805 0 # dummy
3806 0 # dummy
3807 0 # dummy
3808 0 # dummy
3809 0 # dummy
3810 0 # dummy
3811 0 # dummy
3812 0 # dummy
3813 0 # dummy
3814 0 # dummy
3815 0 # dummy
3816 0 # dummy
3817 0 # dummy
3818 0 # dummy
3819 0 # dummy
3820 0 # dummy
3821 0 # dummy
3822 0 # dummy
3823 0 # dummy
3824 0 # dummy
3825 0 # dummy
3826 0 # dummy
3827 0 # dummy
3828 0 # dummy
3829 0 # dummy
3830 0 # dummy
3831 0 # dummy
3832 0 # dummy
3833 0 # dummy
3834 0 # dummy
3835 0 # dummy
3836 0 # dummy
3837 0 # dummy
3838 0 # dummy
3839 0 # dummy
3840 0 # dummy
3841 0 # dummy
3842 0 # dummy
3843 0 # dummy
3844 0 # dummy
3845 0 # dummy
3846 0 # dummy
3847 0 # dummy
3848 0 # dummy
3849 0 # dummy
3850 0 # dummy
3851 0 # dummy
3852 0 # dummy
3853 0 # dummy
3854 0 # dummy
3855 0 # dummy
3856 0 # dummy
3857 0 # dummy
3858 0 # dummy
3859 0 # dummy
3860 0 # dummy
3861 0 # dummy
3862 0 # dummy
3863 0 # dummy
3864 0 # dummy
3865 0 # dummy
3866 0 # dummy
3867 0 # dummy
3868 0 # dummy
3869 0 # dummy
3870 0 # dummy
3871 0 # dummy
3872 0 # dummy
3873 0 # dummy
3874 0 # dummy
3875 0 # dummy
3876 0 # dummy
3877 0 # dummy
3878 0 # dummy
3879 0 # dummy
3880 0 # dummy
3881 0 # dummy
3882 0 # dummy
3883 0 # dummy
3884 0 # dummy
3885 0 # dummy
3886 0 # dummy
3887 0 # dummy
3888 0 # dummy
3889 0 # dummy
3890 0 # dummy
3891 0 # dummy
3892 0 # dummy
3893 0 # dummy
3894 0 # dummy
3895 0 # dummy
3896 0 # dummy
3897 0 # dummy
3898 0 # dummy
3899 0 # dummy
3900 0 # dummy
3901 0 # dummy
3902 0 # dummy
3903 0 # dummy
3904 0 # dummy
3905 0 # dummy
3906 0 # dummy
3907 0 # dummy
3908 0 # dummy
3909 0 # dummy
3910 0 # dummy
3911 0 # dummy
3912 0 # dummy
3913 0 # dummy
3914 0 # dummy
3915 0 # dummy
3916 0 # dummy
3917 0 # dummy
3918 0 # dummy
3919 0 # dummy
3920 0 # dummy
3921 0 # dummy
3922 0 # dummy
3923 0 # dummy
3924 0 # dummy
3925 0 # dummy
3926 0 # dummy
3927 0 # dummy
3928 0 # dummy
3929 0 # dummy
3930 0 # dummy
3931 0 # dummy
3932 0 # dummy
3933 0 # dummy
3934 0 # dummy
3935 0 # dummy
3936 0 # dummy
3937 0 # dummy
3938 0 # dummy
3939 0 # dummy
3940 0 # dummy
3941 0 # dummy
3942 0 # dummy
3943 0 # dummy
3944 0 # dummy
3945 0 # dummy
3946 0 # dummy
3947 0 # dummy
3948 0 # dummy
3949 0 # dummy
3950 0 # dummy
3951 0 # dummy
3952 0 # dummy
3953 0 # dummy
3954 0 # dummy
3955 0 # dummy
3956 0 # dummy
3957 0 # dummy
3958 0 # dummy
3959 0 # dummy
3960 0 # dummy
3961 0 # dummy
3962 0 # dummy
3963 0 # dummy
3964 0 # dummy
3965 0 # dummy
3966 0 # dummy
3967 0 # dummy
3968 0 # dummy
3969 0 # dummy
3970 0 # dummy
3971 0 # dummy
3972 0 # dummy
3973 0 # dummy
3974 0 # dummy
3975 0 # dummy
3976 0 # dummy
3977 0 # dummy
3978 0 # dummy
3979 0 # dummy
3980 0 # dummy
3981 0 # dummy
3982 0 # dummy
3983 0 # dummy
3984 0 # dummy
3985 0 # dummy
3986 0 # dummy
3987 0 # dummy
3988 0 # dummy
3989 0 # dummy
3990 0 # dummy
3991 0 # dummy
3992 0 # dummy
3993 0 # dummy
3994 0 # dummy
3995 0 # dummy
3996 0 # dummy
3997 0 # dummy
3998 0 # dummy
3999 0 # dummy
4000 0 # dummy
4001 0 # dummy
4002 0 # dummy
4003 0 # dummy
4004 0 # dummy
4005 0 # dummy
4006 0 # dummy
4007 0 # dummy
4008 0 # dummy
4009 0 # dummy
4010 0 # dummy
4011 0 # dummy
4012 0 # dummy
4013 0 # dummy
4014 0 # dummy
4015 0 # dummy
4016 0 # dummy
4017 0 # dummy
4018 0 # dummy
4019 0 # dummy
4020 0 # dummy
4021 0 # dummy
4022 0 # dummy
4023 0 # dummy
4024 0 # dummy
4025 0 # dummy
4026 0 # dummy
4027 0 # dummy
4028 0 # dummy
4029 0 # dummy
4030 0 # dummy
4031 0 # dummy
4032 0 # dummy
4033 0 # dummy
4034 0 # dummy
4035 0 # dummy
4036 0 # dummy
4037 0 # dummy
4038 0 # dummy
4039 0 # dummy
4040 0 # dummy
4041 0 # dummy
4042 0 # dummy
4043 0 # dummy
4044 0 # dummy
4045 0 # dummy
4046 0 # dummy
4047 0 # dummy
4048 0 # dummy
4049 0 # dummy
4050 0 # dummy
4051 0 # dummy
4052 0 # dummy
4053 0 # dummy
4054 0 # dummy
4055 0 # dummy
4056 0 # dummy
4057 0 # dummy
4058 0 # dummy
4059 0 # dummy
4060 0 # dummy
4061 0 # dummy
4062 0 # dummy
4063 0 # dummy
4064 0 # dummy
4065 0 # dummy
4066 0 # dummy
4067 0 # dummy
4068 0 # dummy
4069 0 # dummy
4070 0 # dummy
4071 0 # dummy
4072 0 # dummy
4073 0 # dummy
4074 0 # dummy
4075 0 # dummy
4076 0 # dummy
4077 0 # dummy
4078 0 # dummy
4079 0 # dummy
4080 0 # dummy
4081 0 # dummy
4082 0 # dummy
4083 0 # dummy
4084 0 # dummy
4085 0 # dummy
4086 0 # dummy
4087 0 # dummy
4088 0 # dummy
4089 0 # dummy
4090 0 # dummy
4091 0 # dummy
4092 0 # dummy
4093 0 # dummy
4094 0 # dummy
4095 0 # dummy
