# address to addend+multiplicative factor LUT
# maps 12 bits to 18 bits
# 18 bits = (addend<<10) + multiplier)
# addend is signed 8 bits, multiplier is 10 bits
# anything after # is ignored with the exception of the header
# the header is first valid line starting with #<header> versionStr nrBitsAddress nrBitsData </header>
#<header> v1 12 18 </header>
0 512  # compresses ieta bin 0, pt 0
1 8191
2 7167
3 7167
4 7167
5 6143
6 5119
7 4095
8 4095
9 3071
10 2047
11 1019
12 1019
13 1001
14 992
15 976
16 977
17 963
18 959
19 947
20 925
21 916
22 910
23 902
24 891
25 875
26 870
27 861
28 853
29 850
30 842
31 836
32 833
33 831
34 817
35 811
36 806
37 801
38 796
39 789
40 785
41 778
42 775
43 769
44 764
45 762
46 754
47 750
48 740
49 735
50 735
51 734
52 725
53 721
54 718
55 713
56 710
57 709
58 705
59 703
60 702
61 702
62 685
63 675
64 512  # compresses ieta bin 1, pt 0
65 7167
66 6143
67 6143
68 6143
69 5119
70 5119
71 4095
72 3071
73 3071
74 2047
75 1019
76 1019
77 1001
78 984
79 976
80 977
81 963
82 959
83 947
84 931
85 922
86 915
87 908
88 896
89 880
90 875
91 866
92 853
93 854
94 847
95 836
96 833
97 831
98 821
99 811
100 806
101 801
102 796
103 789
104 785
105 778
106 778
107 769
108 767
109 764
110 754
111 750
112 742
113 737
114 735
115 736
116 726
117 723
118 719
119 716
120 712
121 711
122 707
123 705
124 704
125 705
126 687
127 677
128 512  # compresses ieta bin 2, pt 0
129 8191
130 7167
131 8191
132 8191
133 7167
134 6143
135 5119
136 4095
137 4095
138 3071
139 1019
140 1019
141 1001
142 992
143 976
144 977
145 971
146 966
147 948
148 931
149 922
150 915
151 908
152 896
153 880
154 875
155 866
156 853
157 854
158 847
159 840
160 834
161 831
162 821
163 815
164 809
165 801
166 796
167 789
168 785
169 778
170 778
171 769
172 767
173 764
174 754
175 750
176 742
177 737
178 735
179 736
180 726
181 723
182 719
183 716
184 712
185 711
186 707
187 705
188 704
189 705
190 686
191 676
192 512  # compresses ieta bin 3, pt 0
193 10239
194 9215
195 9215
196 9215
197 7167
198 7167
199 6143
200 5119
201 5119
202 4095
203 4095
204 4095
205 2047
206 1021
207 1011
208 1011
209 997
210 989
211 969
212 944
213 936
214 934
215 921
216 913
217 902
218 891
219 886
220 867
221 864
222 856
223 849
224 842
225 844
226 832
227 830
228 823
229 818
230 809
231 801
232 797
233 793
234 790
235 783
236 780
237 777
238 769
239 765
240 756
241 750
242 747
243 746
244 738
245 732
246 730
247 725
248 721
249 718
250 714
251 713
252 712
253 713
254 695
255 685
256 512  # compresses ieta bin 4, pt 0
257 11263
258 9215
259 10239
260 11263
261 10239
262 9215
263 8191
264 7167
265 7167
266 6143
267 5119
268 5119
269 3071
270 2047
271 1020
272 1020
273 1005
274 997
275 977
276 965
277 955
278 947
279 938
280 920
281 907
282 901
283 891
284 882
285 878
286 870
287 866
288 863
289 856
290 848
291 841
292 834
293 828
294 819
295 811
296 809
297 802
298 801
299 792
300 788
301 785
302 777
303 772
304 763
305 757
306 753
307 754
308 743
309 739
310 737
311 733
312 729
313 728
314 723
315 720
316 720
317 721
318 703
319 693
320 512  # compresses ieta bin 5, pt 0
321 11263
322 9215
323 10239
324 11263
325 10239
326 9215
327 8191
328 7167
329 7167
330 6143
331 5119
332 5119
333 3071
334 2047
335 1020
336 1020
337 1005
338 997
339 978
340 965
341 955
342 947
343 938
344 925
345 907
346 901
347 892
348 882
349 878
350 870
351 866
352 863
353 860
354 848
355 841
356 834
357 828
358 822
359 811
360 809
361 805
362 801
363 794
364 791
365 788
366 780
367 774
368 765
369 759
370 755
371 756
372 745
373 741
374 738
375 734
376 731
377 729
378 726
379 723
380 723
381 722
382 706
383 695
384 512  # compresses ieta bin 6, pt 0
385 11263
386 10239
387 10239
388 10239
389 9215
390 9215
391 8191
392 7167
393 7167
394 5119
395 4095
396 5119
397 3071
398 2047
399 1012
400 1011
401 1004
402 989
403 977
404 958
405 949
406 940
407 926
408 913
409 897
410 891
411 886
412 872
413 873
414 865
415 857
416 854
417 852
418 840
419 833
420 827
421 821
422 812
423 804
424 800
425 793
426 792
427 784
428 780
429 777
430 769
431 765
432 756
433 750
434 747
435 746
436 738
437 732
438 730
439 726
440 723
441 722
442 717
443 715
444 715
445 714
446 698
447 687
448 512  # compresses ieta bin 7, pt 0
449 10239
450 10239
451 10239
452 10239
453 9215
454 8191
455 7167
456 6143
457 6143
458 5119
459 4095
460 4095
461 3071
462 2043
463 1011
464 1004
465 997
466 989
467 970
468 952
469 943
470 940
471 926
472 913
473 896
474 891
475 882
476 868
477 868
478 860
479 853
480 850
481 848
482 836
483 830
484 823
485 814
486 809
487 798
488 791
489 787
490 784
491 778
492 772
493 769
494 762
495 758
496 747
497 742
498 739
499 738
500 730
501 725
502 723
503 718
504 715
505 714
506 710
507 707
508 708
509 707
510 691
511 680
512 512  # compresses ieta bin 8, pt 0
513 10239
514 10239
515 10239
516 10239
517 9215
518 8191
519 7167
520 6143
521 6143
522 5119
523 4095
524 4095
525 3071
526 2043
527 1011
528 1004
529 997
530 989
531 970
532 952
533 943
534 940
535 926
536 913
537 896
538 891
539 882
540 868
541 868
542 860
543 853
544 850
545 848
546 836
547 830
548 823
549 814
550 806
551 798
552 791
553 787
554 784
555 778
556 772
557 769
558 762
559 758
560 747
561 742
562 739
563 738
564 730
565 725
566 723
567 718
568 715
569 714
570 710
571 707
572 707
573 706
574 691
575 680
576 512  # compresses ieta bin 9, pt 0
577 14335
578 13311
579 13311
580 12287
581 11263
582 11263
583 9215
584 9215
585 8191
586 7167
587 5119
588 6143
589 4095
590 2047
591 1020
592 1013
593 1012
594 997
595 984
596 965
597 955
598 947
599 938
600 919
601 907
602 897
603 891
604 882
605 882
606 874
607 866
608 863
609 860
610 844
611 833
612 830
613 825
614 816
615 804
616 803
617 796
618 795
619 786
620 783
621 780
622 772
623 767
624 758
625 752
626 749
627 748
628 739
629 735
630 731
631 728
632 725
633 723
634 719
635 716
636 716
637 715
638 698
639 686
640 512  # compresses ieta bin 10, pt 0
641 14335
642 13311
643 13311
644 12287
645 11263
646 11263
647 9215
648 9215
649 9215
650 7167
651 6143
652 6143
653 4095
654 2047
655 1020
656 1020
657 1012
658 1005
659 991
660 966
661 962
662 953
663 938
664 920
665 913
666 902
667 896
668 886
669 887
670 878
671 870
672 867
673 864
674 844
675 833
676 827
677 821
678 816
679 804
680 800
681 796
682 792
683 786
684 783
685 780
686 772
687 767
688 758
689 752
690 749
691 748
692 739
693 733
694 731
695 728
696 723
697 723
698 719
699 716
700 715
701 715
702 697
703 686
704 512  # compresses ieta bin 11, pt 0
705 15359
706 14335
707 13311
708 13311
709 13311
710 13311
711 11263
712 11263
713 10239
714 9215
715 8191
716 9215
717 7167
718 7167
719 4095
720 4095
721 2047
722 1021
723 1006
724 980
725 975
726 965
727 950
728 931
729 924
730 917
731 911
732 896
733 896
734 883
735 879
736 875
737 868
738 852
739 837
740 834
741 828
742 826
743 817
744 812
745 808
746 804
747 800
748 796
749 793
750 787
751 784
752 774
753 767
754 763
755 764
756 753
757 748
758 745
759 741
760 737
761 735
762 731
763 729
764 729
765 727
766 707
767 696
768 512  # compresses ieta bin 12, pt 0
769 18431
770 17407
771 17407
772 17407
773 16383
774 16383
775 16383
776 15359
777 14335
778 14335
779 12287
780 13311
781 11263
782 10239
783 7167
784 7167
785 6143
786 5119
787 3071
788 1021
789 1008
790 990
791 974
792 959
793 951
794 944
795 941
796 930
797 929
798 910
799 905
800 897
801 892
802 875
803 859
804 855
805 852
806 849
807 846
808 843
809 828
810 826
811 822
812 815
813 813
814 810
815 805
816 797
817 791
818 786
819 785
820 777
821 771
822 766
823 761
824 755
825 751
826 748
827 747
828 747
829 746
830 730
831 719
832 512  # compresses ieta bin 13, pt 0
833 20479
834 20479
835 20479
836 20479
837 20479
838 20479
839 19455
840 18431
841 18431
842 18431
843 15359
844 16383
845 15359
846 14335
847 12287
848 12287
849 10239
850 8191
851 6143
852 5119
853 2047
854 1009
855 998
856 987
857 978
858 969
859 966
860 954
861 952
862 946
863 931
864 926
865 921
866 910
867 896
868 891
869 889
870 881
871 874
872 873
873 858
874 855
875 849
876 844
877 840
878 840
879 836
880 826
881 821
882 819
883 810
884 801
885 794
886 792
887 786
888 780
889 777
890 775
891 775
892 774
893 774
894 759
895 749
896 512  # compresses ieta bin 14, pt 0
897 20479
898 20479
899 20479
900 21503
901 21503
902 20479
903 20479
904 19455
905 19455
906 19455
907 18431
908 18431
909 17407
910 17407
911 16383
912 15359
913 14335
914 12287
915 11263
916 9215
917 7167
918 3071
919 1021
920 1010
921 994
922 985
923 981
924 973
925 971
926 955
927 948
928 943
929 937
930 929
931 915
932 912
933 906
934 898
935 893
936 888
937 875
938 872
939 869
940 863
941 857
942 857
943 853
944 842
945 840
946 833
947 824
948 818
949 812
950 807
951 802
952 796
953 794
954 791
955 790
956 790
957 790
958 773
959 763
960 512  # compresses ieta bin 15, pt 0
961 19455
962 19455
963 20479
964 20479
965 20479
966 20479
967 20479
968 20479
969 20479
970 20479
971 18431
972 19455
973 19455
974 19455
975 18431
976 18431
977 17407
978 16383
979 15359
980 13311
981 12287
982 9215
983 7167
984 6143
985 4095
986 2047
987 1017
988 1007
989 1004
990 1000
991 983
992 976
993 974
994 964
995 956
996 955
997 951
998 940
999 934
1000 931
1001 920
1002 917
1003 913
1004 905
1005 899
1006 900
1007 896
1008 885
1009 881
1010 874
1011 865
1012 859
1013 852
1014 848
1015 845
1016 841
1017 838
1018 837
1019 836
1020 835
1021 836
1022 814
1023 786
1024 512  # compresses ieta bin 16, pt 0
1025 22527
1026 22527
1027 23551
1028 23551
1029 24575
1030 23551
1031 23551
1032 23551
1033 22527
1034 23551
1035 21503
1036 21503
1037 20479
1038 21503
1039 19455
1040 20479
1041 19455
1042 18431
1043 17407
1044 15359
1045 13311
1046 10239
1047 8191
1048 7167
1049 5119
1050 3071
1051 2046
1052 1013
1053 1013
1054 1004
1055 992
1056 985
1057 978
1058 972
1059 963
1060 962
1061 958
1062 947
1063 940
1064 937
1065 925
1066 923
1067 918
1068 911
1069 904
1070 903
1071 901
1072 890
1073 886
1074 878
1075 869
1076 863
1077 855
1078 850
1079 845
1080 841
1081 838
1082 836
1083 833
1084 833
1085 832
1086 805
1087 792
1088 512  # compresses ieta bin 17, pt 0
1089 20479
1090 20479
1091 21503
1092 22527
1093 21503
1094 21503
1095 21503
1096 20479
1097 20479
1098 20479
1099 18431
1100 19455
1101 18431
1102 18431
1103 17407
1104 17407
1105 16383
1106 14335
1107 13311
1108 11263
1109 10239
1110 7167
1111 5119
1112 4095
1113 2046
1114 1016
1115 1011
1116 998
1117 999
1118 986
1119 974
1120 968
1121 961
1122 953
1123 941
1124 937
1125 930
1126 921
1127 912
1128 910
1129 896
1130 895
1131 891
1132 884
1133 878
1134 877
1135 875
1136 865
1137 860
1138 851
1139 840
1140 835
1141 827
1142 819
1143 814
1144 809
1145 804
1146 802
1147 800
1148 799
1149 798
1150 782
1151 779
1152 512  # compresses ieta bin 18, pt 0
1153 19455
1154 19455
1155 20479
1156 21503
1157 21503
1158 21503
1159 21503
1160 20479
1161 20479
1162 20479
1163 18431
1164 19455
1165 18431
1166 18431
1167 17407
1168 17407
1169 16383
1170 14335
1171 14335
1172 12287
1173 10239
1174 7167
1175 6143
1176 4095
1177 2047
1178 1017
1179 1011
1180 1002
1181 999
1182 987
1183 974
1184 968
1185 966
1186 953
1187 941
1188 937
1189 930
1190 921
1191 915
1192 913
1193 899
1194 897
1195 891
1196 884
1197 881
1198 880
1199 875
1200 865
1201 862
1202 853
1203 842
1204 835
1205 828
1206 821
1207 815
1208 810
1209 806
1210 803
1211 802
1212 801
1213 801
1214 783
1215 777
1216 512  # compresses ieta bin 19, pt 0
1217 22527
1218 21503
1219 22527
1220 22527
1221 22527
1222 21503
1223 21503
1224 20479
1225 20479
1226 20479
1227 18431
1228 19455
1229 18431
1230 18431
1231 17407
1232 17407
1233 16383
1234 14335
1235 13311
1236 11263
1237 10239
1238 7167
1239 5119
1240 4095
1241 2046
1242 1016
1243 1011
1244 998
1245 999
1246 986
1247 974
1248 968
1249 962
1250 953
1251 941
1252 937
1253 930
1254 921
1255 915
1256 913
1257 899
1258 895
1259 891
1260 884
1261 881
1262 877
1263 875
1264 865
1265 860
1266 851
1267 840
1268 835
1269 828
1270 819
1271 814
1272 810
1273 806
1274 803
1275 802
1276 801
1277 801
1278 782
1279 776
1280 512  # compresses ieta bin 20, pt 0
1281 22527
1282 22527
1283 22527
1284 22527
1285 22527
1286 21503
1287 21503
1288 20479
1289 19455
1290 19455
1291 17407
1292 18431
1293 17407
1294 17407
1295 15359
1296 15359
1297 14335
1298 13311
1299 12287
1300 9215
1301 8191
1302 5119
1303 4095
1304 2047
1305 1017
1306 1011
1307 1001
1308 989
1309 989
1310 982
1311 966
1312 960
1313 957
1314 945
1315 930
1316 926
1317 920
1318 911
1319 902
1320 901
1321 884
1322 883
1323 877
1324 871
1325 868
1326 865
1327 860
1328 851
1329 849
1330 841
1331 832
1332 827
1333 821
1334 812
1335 807
1336 799
1337 795
1338 791
1339 790
1340 790
1341 788
1342 766
1343 760
1344 512  # compresses ieta bin 21, pt 0
1345 21503
1346 21503
1347 21503
1348 20479
1349 20479
1350 19455
1351 19455
1352 18431
1353 16383
1354 16383
1355 15359
1356 15359
1357 14335
1358 13311
1359 11263
1360 11263
1361 10239
1362 9215
1363 8191
1364 6143
1365 5119
1366 2047
1367 1021
1368 1010
1369 1000
1370 990
1371 982
1372 973
1373 971
1374 960
1375 953
1376 947
1377 941
1378 929
1379 919
1380 912
1381 910
1382 901
1383 896
1384 894
1385 881
1386 878
1387 874
1388 868
1389 863
1390 860
1391 858
1392 847
1393 845
1394 837
1395 828
1396 824
1397 818
1398 809
1399 804
1400 798
1401 792
1402 787
1403 786
1404 785
1405 785
1406 762
1407 756
1408 512  # compresses ieta bin 22, pt 0
1409 20479
1410 20479
1411 20479
1412 20479
1413 19455
1414 18431
1415 18431
1416 17407
1417 16383
1418 15359
1419 14335
1420 14335
1421 13311
1422 12287
1423 10239
1424 10239
1425 10239
1426 8191
1427 7167
1428 5119
1429 4095
1430 1022
1431 1016
1432 1005
1433 994
1434 985
1435 981
1436 969
1437 971
1438 959
1439 948
1440 943
1441 941
1442 929
1443 915
1444 912
1445 910
1446 901
1447 896
1448 894
1449 881
1450 878
1451 874
1452 868
1453 863
1454 860
1455 856
1456 847
1457 845
1458 837
1459 828
1460 824
1461 816
1462 809
1463 804
1464 798
1465 792
1466 787
1467 786
1468 785
1469 785
1470 762
1471 755
1472 512  # compresses ieta bin 23, pt 0
1473 18431
1474 18431
1475 18431
1476 17407
1477 17407
1478 16383
1479 16383
1480 14335
1481 13311
1482 13311
1483 12287
1484 13311
1485 11263
1486 10239
1487 8191
1488 8191
1489 7167
1490 6143
1491 4095
1492 2047
1493 1021
1494 1003
1495 992
1496 983
1497 972
1498 964
1499 961
1500 949
1501 952
1502 941
1503 931
1504 926
1505 921
1506 914
1507 904
1508 902
1509 896
1510 888
1511 883
1512 882
1513 870
1514 866
1515 863
1516 855
1517 850
1518 850
1519 846
1520 835
1521 834
1522 827
1523 818
1524 812
1525 807
1526 798
1527 794
1528 788
1529 781
1530 776
1531 775
1532 774
1533 774
1534 751
1535 746
1536 512  # compresses ieta bin 24, pt 0
1537 18431
1538 18431
1539 17407
1540 17407
1541 16383
1542 16383
1543 15359
1544 14335
1545 13311
1546 13311
1547 12287
1548 12287
1549 11263
1550 10239
1551 8191
1552 8191
1553 7167
1554 5119
1555 4095
1556 2047
1557 1021
1558 1003
1559 998
1560 987
1561 978
1562 969
1563 961
1564 954
1565 952
1566 941
1567 931
1568 930
1569 925
1570 918
1571 907
1572 905
1573 900
1574 891
1575 887
1576 883
1577 872
1578 869
1579 863
1580 857
1581 852
1582 852
1583 848
1584 837
1585 836
1586 829
1587 820
1588 814
1589 809
1590 800
1591 796
1592 790
1593 783
1594 778
1595 778
1596 776
1597 776
1598 754
1599 748
1600 512  # compresses ieta bin 25, pt 0
1601 16383
1602 16383
1603 16383
1604 15359
1605 15359
1606 15359
1607 15359
1608 13311
1609 13311
1610 13311
1611 12287
1612 12287
1613 12287
1614 11263
1615 10239
1616 9215
1617 8191
1618 6143
1619 5119
1620 3071
1621 2046
1622 1009
1623 1004
1624 993
1625 983
1626 974
1627 967
1628 959
1629 957
1630 946
1631 940
1632 934
1633 929
1634 922
1635 911
1636 909
1637 906
1638 898
1639 893
1640 891
1641 878
1642 875
1643 871
1644 865
1645 860
1646 860
1647 856
1648 844
1649 843
1650 835
1651 826
1652 822
1653 816
1654 807
1655 802
1656 796
1657 789
1658 784
1659 783
1660 783
1661 782
1662 759
1663 754
1664 512  # compresses ieta bin 26, pt 0
1665 26623
1666 22527
1667 22527
1668 22527
1669 22527
1670 21503
1671 22527
1672 21503
1673 20479
1674 21503
1675 19455
1676 19455
1677 19455
1678 18431
1679 17407
1680 17407
1681 16383
1682 16383
1683 15359
1684 15359
1685 14335
1686 12287
1687 12287
1688 12287
1689 11263
1690 8191
1691 7167
1692 4095
1693 4095
1694 1022
1695 1013
1696 1010
1697 1002
1698 984
1699 967
1700 962
1701 958
1702 947
1703 943
1704 940
1705 925
1706 926
1707 915
1708 905
1709 901
1710 900
1711 896
1712 890
1713 888
1714 880
1715 869
1716 865
1717 857
1718 850
1719 843
1720 837
1721 830
1722 825
1723 825
1724 824
1725 824
1726 798
1727 792
1728 512  # compresses ieta bin 27, pt 0
1729 39935
1730 34815
1731 34815
1732 32767
1733 29695
1734 30719
1735 33791
1736 30719
1737 29695
1738 30719
1739 27647
1740 28671
1741 27647
1742 24575
1743 24575
1744 25599
1745 26623
1746 26623
1747 24575
1748 24575
1749 22527
1750 21503
1751 21503
1752 18431
1753 17407
1754 15359
1755 15359
1756 13311
1757 14335
1758 10239
1759 8191
1760 7167
1761 7167
1762 4095
1763 1019
1764 1012
1765 1009
1766 996
1767 988
1768 986
1769 964
1770 963
1771 954
1772 940
1773 935
1774 935
1775 930
1776 910
1777 909
1778 911
1779 908
1780 902
1781 886
1782 874
1783 868
1784 861
1785 855
1786 849
1787 848
1788 848
1789 847
1790 819
1791 801
1792 512  # compresses ieta bin 28, pt 0
1793 20479
1794 18431
1795 17407
1796 14335
1797 12287
1798 11263
1799 9215
1800 8191
1801 5119
1802 5119
1803 3071
1804 3071
1805 1019
1806 1010
1807 1002
1808 986
1809 980
1810 959
1811 948
1812 931
1813 923
1814 921
1815 909
1816 896
1817 885
1818 876
1819 867
1820 857
1821 855
1822 852
1823 849
1824 838
1825 827
1826 821
1827 811
1828 802
1829 801
1830 796
1831 792
1832 791
1833 790
1834 787
1835 778
1836 775
1837 775
1838 764
1839 762
1840 756
1841 748
1842 743
1843 742
1844 734
1845 728
1846 725
1847 716
1848 713
1849 708
1850 704
1851 700
1852 696
1853 692
1854 684
1855 670
1856 512  # compresses ieta bin 29, pt 0
1857 23551
1858 22527
1859 20479
1860 17407
1861 14335
1862 12287
1863 10239
1864 9215
1865 6143
1866 5119
1867 3071
1868 3071
1869 1019
1870 1002
1871 993
1872 986
1873 971
1874 952
1875 940
1876 918
1877 909
1878 896
1879 885
1880 868
1881 858
1882 844
1883 836
1884 819
1885 822
1886 811
1887 805
1888 800
1889 791
1890 782
1891 774
1892 766
1893 763
1894 753
1895 748
1896 748
1897 734
1898 730
1899 725
1900 722
1901 720
1902 712
1903 712
1904 704
1905 696
1906 692
1907 691
1908 685
1909 680
1910 675
1911 670
1912 669
1913 668
1914 664
1915 660
1916 655
1917 654
1918 645
1919 632
1920 512  # compresses ieta bin 30, pt 0
1921 23551
1922 22527
1923 20479
1924 17407
1925 14335
1926 12287
1927 10239
1928 9215
1929 6143
1930 6143
1931 3071
1932 3071
1933 1019
1934 1002
1935 994
1936 986
1937 972
1938 958
1939 940
1940 924
1941 909
1942 897
1943 885
1944 868
1945 859
1946 845
1947 836
1948 824
1949 822
1950 815
1951 810
1952 804
1953 795
1954 786
1955 778
1956 770
1957 766
1958 757
1959 748
1960 748
1961 737
1962 733
1963 728
1964 724
1965 723
1966 714
1967 714
1968 706
1969 699
1970 694
1971 693
1972 687
1973 682
1974 678
1975 672
1976 671
1977 671
1978 667
1979 663
1980 658
1981 655
1982 647
1983 635
1984 512  # compresses ieta bin 31, pt 0
1985 23551
1986 22527
1987 20479
1988 17407
1989 14335
1990 12287
1991 10239
1992 8191
1993 6143
1994 5119
1995 3071
1996 3071
1997 1019
1998 1001
1999 993
2000 977
2001 964
2002 951
2003 933
2004 917
2005 903
2006 890
2007 879
2008 862
2009 853
2010 839
2011 831
2012 814
2013 818
2014 811
2015 805
2016 800
2017 791
2018 782
2019 774
2020 766
2021 763
2022 753
2023 744
2024 745
2025 734
2026 730
2027 725
2028 721
2029 720
2030 712
2031 710
2032 704
2033 699
2034 694
2035 693
2036 685
2037 680
2038 676
2039 672
2040 671
2041 669
2042 665
2043 662
2044 657
2045 654
2046 646
2047 634
2048 512  # compresses ieta bin 32, pt 0
2049 22527
2050 21503
2051 19455
2052 16383
2053 13311
2054 11263
2055 8191
2056 7167
2057 5119
2058 4095
2059 1021
2060 1021
2061 1001
2062 983
2063 976
2064 961
2065 946
2066 935
2067 918
2068 896
2069 883
2070 871
2071 861
2072 845
2073 836
2074 823
2075 811
2076 799
2077 803
2078 793
2079 788
2080 783
2081 775
2082 766
2083 763
2084 752
2085 749
2086 740
2087 732
2088 733
2089 719
2090 718
2091 712
2092 708
2093 707
2094 699
2095 698
2096 693
2097 688
2098 683
2099 683
2100 678
2101 671
2102 668
2103 662
2104 661
2105 660
2106 657
2107 652
2108 647
2109 646
2110 638
2111 625
2112 512  # compresses ieta bin 33, pt 0
2113 28671
2114 27647
2115 25599
2116 21503
2117 18431
2118 16383
2119 14335
2120 13311
2121 12287
2122 10239
2123 9215
2124 9215
2125 6143
2126 5119
2127 5119
2128 2047
2129 1021
2130 1005
2131 992
2132 973
2133 968
2134 959
2135 944
2136 930
2137 913
2138 901
2139 891
2140 877
2141 873
2142 869
2143 862
2144 850
2145 844
2146 832
2147 811
2148 802
2149 801
2150 793
2151 789
2152 785
2153 778
2154 775
2155 767
2156 761
2157 759
2158 749
2159 748
2160 742
2161 735
2162 731
2163 728
2164 723
2165 717
2166 713
2167 708
2168 707
2169 706
2170 701
2171 697
2172 693
2173 691
2174 683
2175 670
2176 512  # compresses ieta bin 34, pt 0
2177 30719
2178 29695
2179 28671
2180 23551
2181 20479
2182 18431
2183 17407
2184 16383
2185 14335
2186 13311
2187 12287
2188 12287
2189 9215
2190 8191
2191 8191
2192 5119
2193 5119
2194 3071
2195 2044
2196 1007
2197 989
2198 978
2199 963
2200 948
2201 934
2202 922
2203 907
2204 891
2205 892
2206 883
2207 875
2208 867
2209 856
2210 844
2211 826
2212 816
2213 814
2214 809
2215 801
2216 800
2217 791
2218 789
2219 781
2220 775
2221 772
2222 764
2223 760
2224 751
2225 746
2226 741
2227 740
2228 732
2229 726
2230 723
2231 718
2232 717
2233 715
2234 711
2235 707
2236 702
2237 700
2238 693
2239 680
2240 512  # compresses ieta bin 35, pt 0
2241 33791
2242 33791
2243 32767
2244 27647
2245 24575
2246 22527
2247 21503
2248 20479
2249 18431
2250 16383
2251 15359
2252 16383
2253 13311
2254 12287
2255 11263
2256 9215
2257 9215
2258 8191
2259 7167
2260 5119
2261 3071
2262 1021
2263 1004
2264 987
2265 972
2266 954
2267 942
2268 926
2269 920
2270 914
2271 905
2272 897
2273 888
2274 875
2275 852
2276 845
2277 842
2278 835
2279 830
2280 827
2281 820
2282 815
2283 808
2284 801
2285 801
2286 790
2287 786
2288 779
2289 772
2290 767
2291 767
2292 760
2293 753
2294 750
2295 744
2296 744
2297 743
2298 739
2299 735
2300 730
2301 727
2302 721
2303 707
2304 512  # compresses ieta bin 36, pt 0
2305 35839
2306 35839
2307 34815
2308 30719
2309 27647
2310 25599
2311 24575
2312 24575
2313 22527
2314 19455
2315 18431
2316 18431
2317 16383
2318 15359
2319 13311
2320 11263
2321 12287
2322 10239
2323 9215
2324 7167
2325 5119
2326 3071
2327 1021
2328 999
2329 978
2330 964
2331 951
2332 935
2333 929
2334 923
2335 914
2336 905
2337 896
2338 883
2339 859
2340 852
2341 848
2342 842
2343 836
2344 834
2345 825
2346 824
2347 814
2348 809
2349 808
2350 797
2351 796
2352 785
2353 780
2354 776
2355 773
2356 767
2357 762
2358 757
2359 753
2360 752
2361 751
2362 747
2363 742
2364 737
2365 735
2366 727
2367 714
2368 512  # compresses ieta bin 37, pt 0
2369 35839
2370 35839
2371 34815
2372 30719
2373 27647
2374 25599
2375 24575
2376 23551
2377 22527
2378 19455
2379 17407
2380 18431
2381 15359
2382 14335
2383 13311
2384 11263
2385 12287
2386 10239
2387 9215
2388 7167
2389 5119
2390 3071
2391 1021
2392 999
2393 978
2394 964
2395 951
2396 935
2397 929
2398 923
2399 914
2400 905
2401 896
2402 883
2403 859
2404 852
2405 848
2406 842
2407 836
2408 834
2409 825
2410 824
2411 814
2412 809
2413 808
2414 797
2415 796
2416 785
2417 780
2418 776
2419 773
2420 767
2421 762
2422 757
2423 753
2424 752
2425 751
2426 747
2427 742
2428 737
2429 735
2430 727
2431 714
2432 512  # compresses ieta bin 38, pt 0
2433 41983
2434 41983
2435 46079
2436 44031
2437 38911
2438 36863
2439 35839
2440 35839
2441 34815
2442 29695
2443 28671
2444 29695
2445 25599
2446 25599
2447 24575
2448 23551
2449 24575
2450 20479
2451 18431
2452 11263
2453 8191
2454 6143
2455 3071
2456 1016
2457 994
2458 980
2459 966
2460 949
2461 943
2462 937
2463 927
2464 917
2465 909
2466 894
2467 870
2468 862
2469 859
2470 852
2471 846
2472 846
2473 837
2474 832
2475 825
2476 820
2477 819
2478 810
2479 805
2480 797
2481 791
2482 786
2483 785
2484 777
2485 773
2486 769
2487 763
2488 761
2489 761
2490 757
2491 753
2492 748
2493 746
2494 739
2495 725
2496 512  # compresses ieta bin 39, pt 0
2497 40959
2498 40959
2499 45055
2500 41983
2501 36863
2502 34815
2503 34815
2504 33791
2505 32767
2506 28671
2507 27647
2508 28671
2509 24575
2510 24575
2511 23551
2512 22527
2513 23551
2514 19455
2515 16383
2516 11263
2517 8191
2518 6143
2519 3071
2520 1016
2521 994
2522 980
2523 966
2524 949
2525 943
2526 937
2527 927
2528 917
2529 909
2530 894
2531 870
2532 862
2533 859
2534 852
2535 846
2536 846
2537 837
2538 832
2539 825
2540 820
2541 819
2542 810
2543 805
2544 797
2545 791
2546 786
2547 785
2548 777
2549 773
2550 769
2551 763
2552 761
2553 761
2554 757
2555 753
2556 748
2557 746
2558 739
2559 725
2560 0 # dummy
2561 0 # dummy
2562 0 # dummy
2563 0 # dummy
2564 0 # dummy
2565 0 # dummy
2566 0 # dummy
2567 0 # dummy
2568 0 # dummy
2569 0 # dummy
2570 0 # dummy
2571 0 # dummy
2572 0 # dummy
2573 0 # dummy
2574 0 # dummy
2575 0 # dummy
2576 0 # dummy
2577 0 # dummy
2578 0 # dummy
2579 0 # dummy
2580 0 # dummy
2581 0 # dummy
2582 0 # dummy
2583 0 # dummy
2584 0 # dummy
2585 0 # dummy
2586 0 # dummy
2587 0 # dummy
2588 0 # dummy
2589 0 # dummy
2590 0 # dummy
2591 0 # dummy
2592 0 # dummy
2593 0 # dummy
2594 0 # dummy
2595 0 # dummy
2596 0 # dummy
2597 0 # dummy
2598 0 # dummy
2599 0 # dummy
2600 0 # dummy
2601 0 # dummy
2602 0 # dummy
2603 0 # dummy
2604 0 # dummy
2605 0 # dummy
2606 0 # dummy
2607 0 # dummy
2608 0 # dummy
2609 0 # dummy
2610 0 # dummy
2611 0 # dummy
2612 0 # dummy
2613 0 # dummy
2614 0 # dummy
2615 0 # dummy
2616 0 # dummy
2617 0 # dummy
2618 0 # dummy
2619 0 # dummy
2620 0 # dummy
2621 0 # dummy
2622 0 # dummy
2623 0 # dummy
2624 0 # dummy
2625 0 # dummy
2626 0 # dummy
2627 0 # dummy
2628 0 # dummy
2629 0 # dummy
2630 0 # dummy
2631 0 # dummy
2632 0 # dummy
2633 0 # dummy
2634 0 # dummy
2635 0 # dummy
2636 0 # dummy
2637 0 # dummy
2638 0 # dummy
2639 0 # dummy
2640 0 # dummy
2641 0 # dummy
2642 0 # dummy
2643 0 # dummy
2644 0 # dummy
2645 0 # dummy
2646 0 # dummy
2647 0 # dummy
2648 0 # dummy
2649 0 # dummy
2650 0 # dummy
2651 0 # dummy
2652 0 # dummy
2653 0 # dummy
2654 0 # dummy
2655 0 # dummy
2656 0 # dummy
2657 0 # dummy
2658 0 # dummy
2659 0 # dummy
2660 0 # dummy
2661 0 # dummy
2662 0 # dummy
2663 0 # dummy
2664 0 # dummy
2665 0 # dummy
2666 0 # dummy
2667 0 # dummy
2668 0 # dummy
2669 0 # dummy
2670 0 # dummy
2671 0 # dummy
2672 0 # dummy
2673 0 # dummy
2674 0 # dummy
2675 0 # dummy
2676 0 # dummy
2677 0 # dummy
2678 0 # dummy
2679 0 # dummy
2680 0 # dummy
2681 0 # dummy
2682 0 # dummy
2683 0 # dummy
2684 0 # dummy
2685 0 # dummy
2686 0 # dummy
2687 0 # dummy
2688 0 # dummy
2689 0 # dummy
2690 0 # dummy
2691 0 # dummy
2692 0 # dummy
2693 0 # dummy
2694 0 # dummy
2695 0 # dummy
2696 0 # dummy
2697 0 # dummy
2698 0 # dummy
2699 0 # dummy
2700 0 # dummy
2701 0 # dummy
2702 0 # dummy
2703 0 # dummy
2704 0 # dummy
2705 0 # dummy
2706 0 # dummy
2707 0 # dummy
2708 0 # dummy
2709 0 # dummy
2710 0 # dummy
2711 0 # dummy
2712 0 # dummy
2713 0 # dummy
2714 0 # dummy
2715 0 # dummy
2716 0 # dummy
2717 0 # dummy
2718 0 # dummy
2719 0 # dummy
2720 0 # dummy
2721 0 # dummy
2722 0 # dummy
2723 0 # dummy
2724 0 # dummy
2725 0 # dummy
2726 0 # dummy
2727 0 # dummy
2728 0 # dummy
2729 0 # dummy
2730 0 # dummy
2731 0 # dummy
2732 0 # dummy
2733 0 # dummy
2734 0 # dummy
2735 0 # dummy
2736 0 # dummy
2737 0 # dummy
2738 0 # dummy
2739 0 # dummy
2740 0 # dummy
2741 0 # dummy
2742 0 # dummy
2743 0 # dummy
2744 0 # dummy
2745 0 # dummy
2746 0 # dummy
2747 0 # dummy
2748 0 # dummy
2749 0 # dummy
2750 0 # dummy
2751 0 # dummy
2752 0 # dummy
2753 0 # dummy
2754 0 # dummy
2755 0 # dummy
2756 0 # dummy
2757 0 # dummy
2758 0 # dummy
2759 0 # dummy
2760 0 # dummy
2761 0 # dummy
2762 0 # dummy
2763 0 # dummy
2764 0 # dummy
2765 0 # dummy
2766 0 # dummy
2767 0 # dummy
2768 0 # dummy
2769 0 # dummy
2770 0 # dummy
2771 0 # dummy
2772 0 # dummy
2773 0 # dummy
2774 0 # dummy
2775 0 # dummy
2776 0 # dummy
2777 0 # dummy
2778 0 # dummy
2779 0 # dummy
2780 0 # dummy
2781 0 # dummy
2782 0 # dummy
2783 0 # dummy
2784 0 # dummy
2785 0 # dummy
2786 0 # dummy
2787 0 # dummy
2788 0 # dummy
2789 0 # dummy
2790 0 # dummy
2791 0 # dummy
2792 0 # dummy
2793 0 # dummy
2794 0 # dummy
2795 0 # dummy
2796 0 # dummy
2797 0 # dummy
2798 0 # dummy
2799 0 # dummy
2800 0 # dummy
2801 0 # dummy
2802 0 # dummy
2803 0 # dummy
2804 0 # dummy
2805 0 # dummy
2806 0 # dummy
2807 0 # dummy
2808 0 # dummy
2809 0 # dummy
2810 0 # dummy
2811 0 # dummy
2812 0 # dummy
2813 0 # dummy
2814 0 # dummy
2815 0 # dummy
2816 0 # dummy
2817 0 # dummy
2818 0 # dummy
2819 0 # dummy
2820 0 # dummy
2821 0 # dummy
2822 0 # dummy
2823 0 # dummy
2824 0 # dummy
2825 0 # dummy
2826 0 # dummy
2827 0 # dummy
2828 0 # dummy
2829 0 # dummy
2830 0 # dummy
2831 0 # dummy
2832 0 # dummy
2833 0 # dummy
2834 0 # dummy
2835 0 # dummy
2836 0 # dummy
2837 0 # dummy
2838 0 # dummy
2839 0 # dummy
2840 0 # dummy
2841 0 # dummy
2842 0 # dummy
2843 0 # dummy
2844 0 # dummy
2845 0 # dummy
2846 0 # dummy
2847 0 # dummy
2848 0 # dummy
2849 0 # dummy
2850 0 # dummy
2851 0 # dummy
2852 0 # dummy
2853 0 # dummy
2854 0 # dummy
2855 0 # dummy
2856 0 # dummy
2857 0 # dummy
2858 0 # dummy
2859 0 # dummy
2860 0 # dummy
2861 0 # dummy
2862 0 # dummy
2863 0 # dummy
2864 0 # dummy
2865 0 # dummy
2866 0 # dummy
2867 0 # dummy
2868 0 # dummy
2869 0 # dummy
2870 0 # dummy
2871 0 # dummy
2872 0 # dummy
2873 0 # dummy
2874 0 # dummy
2875 0 # dummy
2876 0 # dummy
2877 0 # dummy
2878 0 # dummy
2879 0 # dummy
2880 0 # dummy
2881 0 # dummy
2882 0 # dummy
2883 0 # dummy
2884 0 # dummy
2885 0 # dummy
2886 0 # dummy
2887 0 # dummy
2888 0 # dummy
2889 0 # dummy
2890 0 # dummy
2891 0 # dummy
2892 0 # dummy
2893 0 # dummy
2894 0 # dummy
2895 0 # dummy
2896 0 # dummy
2897 0 # dummy
2898 0 # dummy
2899 0 # dummy
2900 0 # dummy
2901 0 # dummy
2902 0 # dummy
2903 0 # dummy
2904 0 # dummy
2905 0 # dummy
2906 0 # dummy
2907 0 # dummy
2908 0 # dummy
2909 0 # dummy
2910 0 # dummy
2911 0 # dummy
2912 0 # dummy
2913 0 # dummy
2914 0 # dummy
2915 0 # dummy
2916 0 # dummy
2917 0 # dummy
2918 0 # dummy
2919 0 # dummy
2920 0 # dummy
2921 0 # dummy
2922 0 # dummy
2923 0 # dummy
2924 0 # dummy
2925 0 # dummy
2926 0 # dummy
2927 0 # dummy
2928 0 # dummy
2929 0 # dummy
2930 0 # dummy
2931 0 # dummy
2932 0 # dummy
2933 0 # dummy
2934 0 # dummy
2935 0 # dummy
2936 0 # dummy
2937 0 # dummy
2938 0 # dummy
2939 0 # dummy
2940 0 # dummy
2941 0 # dummy
2942 0 # dummy
2943 0 # dummy
2944 0 # dummy
2945 0 # dummy
2946 0 # dummy
2947 0 # dummy
2948 0 # dummy
2949 0 # dummy
2950 0 # dummy
2951 0 # dummy
2952 0 # dummy
2953 0 # dummy
2954 0 # dummy
2955 0 # dummy
2956 0 # dummy
2957 0 # dummy
2958 0 # dummy
2959 0 # dummy
2960 0 # dummy
2961 0 # dummy
2962 0 # dummy
2963 0 # dummy
2964 0 # dummy
2965 0 # dummy
2966 0 # dummy
2967 0 # dummy
2968 0 # dummy
2969 0 # dummy
2970 0 # dummy
2971 0 # dummy
2972 0 # dummy
2973 0 # dummy
2974 0 # dummy
2975 0 # dummy
2976 0 # dummy
2977 0 # dummy
2978 0 # dummy
2979 0 # dummy
2980 0 # dummy
2981 0 # dummy
2982 0 # dummy
2983 0 # dummy
2984 0 # dummy
2985 0 # dummy
2986 0 # dummy
2987 0 # dummy
2988 0 # dummy
2989 0 # dummy
2990 0 # dummy
2991 0 # dummy
2992 0 # dummy
2993 0 # dummy
2994 0 # dummy
2995 0 # dummy
2996 0 # dummy
2997 0 # dummy
2998 0 # dummy
2999 0 # dummy
3000 0 # dummy
3001 0 # dummy
3002 0 # dummy
3003 0 # dummy
3004 0 # dummy
3005 0 # dummy
3006 0 # dummy
3007 0 # dummy
3008 0 # dummy
3009 0 # dummy
3010 0 # dummy
3011 0 # dummy
3012 0 # dummy
3013 0 # dummy
3014 0 # dummy
3015 0 # dummy
3016 0 # dummy
3017 0 # dummy
3018 0 # dummy
3019 0 # dummy
3020 0 # dummy
3021 0 # dummy
3022 0 # dummy
3023 0 # dummy
3024 0 # dummy
3025 0 # dummy
3026 0 # dummy
3027 0 # dummy
3028 0 # dummy
3029 0 # dummy
3030 0 # dummy
3031 0 # dummy
3032 0 # dummy
3033 0 # dummy
3034 0 # dummy
3035 0 # dummy
3036 0 # dummy
3037 0 # dummy
3038 0 # dummy
3039 0 # dummy
3040 0 # dummy
3041 0 # dummy
3042 0 # dummy
3043 0 # dummy
3044 0 # dummy
3045 0 # dummy
3046 0 # dummy
3047 0 # dummy
3048 0 # dummy
3049 0 # dummy
3050 0 # dummy
3051 0 # dummy
3052 0 # dummy
3053 0 # dummy
3054 0 # dummy
3055 0 # dummy
3056 0 # dummy
3057 0 # dummy
3058 0 # dummy
3059 0 # dummy
3060 0 # dummy
3061 0 # dummy
3062 0 # dummy
3063 0 # dummy
3064 0 # dummy
3065 0 # dummy
3066 0 # dummy
3067 0 # dummy
3068 0 # dummy
3069 0 # dummy
3070 0 # dummy
3071 0 # dummy
3072 0 # dummy
3073 0 # dummy
3074 0 # dummy
3075 0 # dummy
3076 0 # dummy
3077 0 # dummy
3078 0 # dummy
3079 0 # dummy
3080 0 # dummy
3081 0 # dummy
3082 0 # dummy
3083 0 # dummy
3084 0 # dummy
3085 0 # dummy
3086 0 # dummy
3087 0 # dummy
3088 0 # dummy
3089 0 # dummy
3090 0 # dummy
3091 0 # dummy
3092 0 # dummy
3093 0 # dummy
3094 0 # dummy
3095 0 # dummy
3096 0 # dummy
3097 0 # dummy
3098 0 # dummy
3099 0 # dummy
3100 0 # dummy
3101 0 # dummy
3102 0 # dummy
3103 0 # dummy
3104 0 # dummy
3105 0 # dummy
3106 0 # dummy
3107 0 # dummy
3108 0 # dummy
3109 0 # dummy
3110 0 # dummy
3111 0 # dummy
3112 0 # dummy
3113 0 # dummy
3114 0 # dummy
3115 0 # dummy
3116 0 # dummy
3117 0 # dummy
3118 0 # dummy
3119 0 # dummy
3120 0 # dummy
3121 0 # dummy
3122 0 # dummy
3123 0 # dummy
3124 0 # dummy
3125 0 # dummy
3126 0 # dummy
3127 0 # dummy
3128 0 # dummy
3129 0 # dummy
3130 0 # dummy
3131 0 # dummy
3132 0 # dummy
3133 0 # dummy
3134 0 # dummy
3135 0 # dummy
3136 0 # dummy
3137 0 # dummy
3138 0 # dummy
3139 0 # dummy
3140 0 # dummy
3141 0 # dummy
3142 0 # dummy
3143 0 # dummy
3144 0 # dummy
3145 0 # dummy
3146 0 # dummy
3147 0 # dummy
3148 0 # dummy
3149 0 # dummy
3150 0 # dummy
3151 0 # dummy
3152 0 # dummy
3153 0 # dummy
3154 0 # dummy
3155 0 # dummy
3156 0 # dummy
3157 0 # dummy
3158 0 # dummy
3159 0 # dummy
3160 0 # dummy
3161 0 # dummy
3162 0 # dummy
3163 0 # dummy
3164 0 # dummy
3165 0 # dummy
3166 0 # dummy
3167 0 # dummy
3168 0 # dummy
3169 0 # dummy
3170 0 # dummy
3171 0 # dummy
3172 0 # dummy
3173 0 # dummy
3174 0 # dummy
3175 0 # dummy
3176 0 # dummy
3177 0 # dummy
3178 0 # dummy
3179 0 # dummy
3180 0 # dummy
3181 0 # dummy
3182 0 # dummy
3183 0 # dummy
3184 0 # dummy
3185 0 # dummy
3186 0 # dummy
3187 0 # dummy
3188 0 # dummy
3189 0 # dummy
3190 0 # dummy
3191 0 # dummy
3192 0 # dummy
3193 0 # dummy
3194 0 # dummy
3195 0 # dummy
3196 0 # dummy
3197 0 # dummy
3198 0 # dummy
3199 0 # dummy
3200 0 # dummy
3201 0 # dummy
3202 0 # dummy
3203 0 # dummy
3204 0 # dummy
3205 0 # dummy
3206 0 # dummy
3207 0 # dummy
3208 0 # dummy
3209 0 # dummy
3210 0 # dummy
3211 0 # dummy
3212 0 # dummy
3213 0 # dummy
3214 0 # dummy
3215 0 # dummy
3216 0 # dummy
3217 0 # dummy
3218 0 # dummy
3219 0 # dummy
3220 0 # dummy
3221 0 # dummy
3222 0 # dummy
3223 0 # dummy
3224 0 # dummy
3225 0 # dummy
3226 0 # dummy
3227 0 # dummy
3228 0 # dummy
3229 0 # dummy
3230 0 # dummy
3231 0 # dummy
3232 0 # dummy
3233 0 # dummy
3234 0 # dummy
3235 0 # dummy
3236 0 # dummy
3237 0 # dummy
3238 0 # dummy
3239 0 # dummy
3240 0 # dummy
3241 0 # dummy
3242 0 # dummy
3243 0 # dummy
3244 0 # dummy
3245 0 # dummy
3246 0 # dummy
3247 0 # dummy
3248 0 # dummy
3249 0 # dummy
3250 0 # dummy
3251 0 # dummy
3252 0 # dummy
3253 0 # dummy
3254 0 # dummy
3255 0 # dummy
3256 0 # dummy
3257 0 # dummy
3258 0 # dummy
3259 0 # dummy
3260 0 # dummy
3261 0 # dummy
3262 0 # dummy
3263 0 # dummy
3264 0 # dummy
3265 0 # dummy
3266 0 # dummy
3267 0 # dummy
3268 0 # dummy
3269 0 # dummy
3270 0 # dummy
3271 0 # dummy
3272 0 # dummy
3273 0 # dummy
3274 0 # dummy
3275 0 # dummy
3276 0 # dummy
3277 0 # dummy
3278 0 # dummy
3279 0 # dummy
3280 0 # dummy
3281 0 # dummy
3282 0 # dummy
3283 0 # dummy
3284 0 # dummy
3285 0 # dummy
3286 0 # dummy
3287 0 # dummy
3288 0 # dummy
3289 0 # dummy
3290 0 # dummy
3291 0 # dummy
3292 0 # dummy
3293 0 # dummy
3294 0 # dummy
3295 0 # dummy
3296 0 # dummy
3297 0 # dummy
3298 0 # dummy
3299 0 # dummy
3300 0 # dummy
3301 0 # dummy
3302 0 # dummy
3303 0 # dummy
3304 0 # dummy
3305 0 # dummy
3306 0 # dummy
3307 0 # dummy
3308 0 # dummy
3309 0 # dummy
3310 0 # dummy
3311 0 # dummy
3312 0 # dummy
3313 0 # dummy
3314 0 # dummy
3315 0 # dummy
3316 0 # dummy
3317 0 # dummy
3318 0 # dummy
3319 0 # dummy
3320 0 # dummy
3321 0 # dummy
3322 0 # dummy
3323 0 # dummy
3324 0 # dummy
3325 0 # dummy
3326 0 # dummy
3327 0 # dummy
3328 0 # dummy
3329 0 # dummy
3330 0 # dummy
3331 0 # dummy
3332 0 # dummy
3333 0 # dummy
3334 0 # dummy
3335 0 # dummy
3336 0 # dummy
3337 0 # dummy
3338 0 # dummy
3339 0 # dummy
3340 0 # dummy
3341 0 # dummy
3342 0 # dummy
3343 0 # dummy
3344 0 # dummy
3345 0 # dummy
3346 0 # dummy
3347 0 # dummy
3348 0 # dummy
3349 0 # dummy
3350 0 # dummy
3351 0 # dummy
3352 0 # dummy
3353 0 # dummy
3354 0 # dummy
3355 0 # dummy
3356 0 # dummy
3357 0 # dummy
3358 0 # dummy
3359 0 # dummy
3360 0 # dummy
3361 0 # dummy
3362 0 # dummy
3363 0 # dummy
3364 0 # dummy
3365 0 # dummy
3366 0 # dummy
3367 0 # dummy
3368 0 # dummy
3369 0 # dummy
3370 0 # dummy
3371 0 # dummy
3372 0 # dummy
3373 0 # dummy
3374 0 # dummy
3375 0 # dummy
3376 0 # dummy
3377 0 # dummy
3378 0 # dummy
3379 0 # dummy
3380 0 # dummy
3381 0 # dummy
3382 0 # dummy
3383 0 # dummy
3384 0 # dummy
3385 0 # dummy
3386 0 # dummy
3387 0 # dummy
3388 0 # dummy
3389 0 # dummy
3390 0 # dummy
3391 0 # dummy
3392 0 # dummy
3393 0 # dummy
3394 0 # dummy
3395 0 # dummy
3396 0 # dummy
3397 0 # dummy
3398 0 # dummy
3399 0 # dummy
3400 0 # dummy
3401 0 # dummy
3402 0 # dummy
3403 0 # dummy
3404 0 # dummy
3405 0 # dummy
3406 0 # dummy
3407 0 # dummy
3408 0 # dummy
3409 0 # dummy
3410 0 # dummy
3411 0 # dummy
3412 0 # dummy
3413 0 # dummy
3414 0 # dummy
3415 0 # dummy
3416 0 # dummy
3417 0 # dummy
3418 0 # dummy
3419 0 # dummy
3420 0 # dummy
3421 0 # dummy
3422 0 # dummy
3423 0 # dummy
3424 0 # dummy
3425 0 # dummy
3426 0 # dummy
3427 0 # dummy
3428 0 # dummy
3429 0 # dummy
3430 0 # dummy
3431 0 # dummy
3432 0 # dummy
3433 0 # dummy
3434 0 # dummy
3435 0 # dummy
3436 0 # dummy
3437 0 # dummy
3438 0 # dummy
3439 0 # dummy
3440 0 # dummy
3441 0 # dummy
3442 0 # dummy
3443 0 # dummy
3444 0 # dummy
3445 0 # dummy
3446 0 # dummy
3447 0 # dummy
3448 0 # dummy
3449 0 # dummy
3450 0 # dummy
3451 0 # dummy
3452 0 # dummy
3453 0 # dummy
3454 0 # dummy
3455 0 # dummy
3456 0 # dummy
3457 0 # dummy
3458 0 # dummy
3459 0 # dummy
3460 0 # dummy
3461 0 # dummy
3462 0 # dummy
3463 0 # dummy
3464 0 # dummy
3465 0 # dummy
3466 0 # dummy
3467 0 # dummy
3468 0 # dummy
3469 0 # dummy
3470 0 # dummy
3471 0 # dummy
3472 0 # dummy
3473 0 # dummy
3474 0 # dummy
3475 0 # dummy
3476 0 # dummy
3477 0 # dummy
3478 0 # dummy
3479 0 # dummy
3480 0 # dummy
3481 0 # dummy
3482 0 # dummy
3483 0 # dummy
3484 0 # dummy
3485 0 # dummy
3486 0 # dummy
3487 0 # dummy
3488 0 # dummy
3489 0 # dummy
3490 0 # dummy
3491 0 # dummy
3492 0 # dummy
3493 0 # dummy
3494 0 # dummy
3495 0 # dummy
3496 0 # dummy
3497 0 # dummy
3498 0 # dummy
3499 0 # dummy
3500 0 # dummy
3501 0 # dummy
3502 0 # dummy
3503 0 # dummy
3504 0 # dummy
3505 0 # dummy
3506 0 # dummy
3507 0 # dummy
3508 0 # dummy
3509 0 # dummy
3510 0 # dummy
3511 0 # dummy
3512 0 # dummy
3513 0 # dummy
3514 0 # dummy
3515 0 # dummy
3516 0 # dummy
3517 0 # dummy
3518 0 # dummy
3519 0 # dummy
3520 0 # dummy
3521 0 # dummy
3522 0 # dummy
3523 0 # dummy
3524 0 # dummy
3525 0 # dummy
3526 0 # dummy
3527 0 # dummy
3528 0 # dummy
3529 0 # dummy
3530 0 # dummy
3531 0 # dummy
3532 0 # dummy
3533 0 # dummy
3534 0 # dummy
3535 0 # dummy
3536 0 # dummy
3537 0 # dummy
3538 0 # dummy
3539 0 # dummy
3540 0 # dummy
3541 0 # dummy
3542 0 # dummy
3543 0 # dummy
3544 0 # dummy
3545 0 # dummy
3546 0 # dummy
3547 0 # dummy
3548 0 # dummy
3549 0 # dummy
3550 0 # dummy
3551 0 # dummy
3552 0 # dummy
3553 0 # dummy
3554 0 # dummy
3555 0 # dummy
3556 0 # dummy
3557 0 # dummy
3558 0 # dummy
3559 0 # dummy
3560 0 # dummy
3561 0 # dummy
3562 0 # dummy
3563 0 # dummy
3564 0 # dummy
3565 0 # dummy
3566 0 # dummy
3567 0 # dummy
3568 0 # dummy
3569 0 # dummy
3570 0 # dummy
3571 0 # dummy
3572 0 # dummy
3573 0 # dummy
3574 0 # dummy
3575 0 # dummy
3576 0 # dummy
3577 0 # dummy
3578 0 # dummy
3579 0 # dummy
3580 0 # dummy
3581 0 # dummy
3582 0 # dummy
3583 0 # dummy
3584 0 # dummy
3585 0 # dummy
3586 0 # dummy
3587 0 # dummy
3588 0 # dummy
3589 0 # dummy
3590 0 # dummy
3591 0 # dummy
3592 0 # dummy
3593 0 # dummy
3594 0 # dummy
3595 0 # dummy
3596 0 # dummy
3597 0 # dummy
3598 0 # dummy
3599 0 # dummy
3600 0 # dummy
3601 0 # dummy
3602 0 # dummy
3603 0 # dummy
3604 0 # dummy
3605 0 # dummy
3606 0 # dummy
3607 0 # dummy
3608 0 # dummy
3609 0 # dummy
3610 0 # dummy
3611 0 # dummy
3612 0 # dummy
3613 0 # dummy
3614 0 # dummy
3615 0 # dummy
3616 0 # dummy
3617 0 # dummy
3618 0 # dummy
3619 0 # dummy
3620 0 # dummy
3621 0 # dummy
3622 0 # dummy
3623 0 # dummy
3624 0 # dummy
3625 0 # dummy
3626 0 # dummy
3627 0 # dummy
3628 0 # dummy
3629 0 # dummy
3630 0 # dummy
3631 0 # dummy
3632 0 # dummy
3633 0 # dummy
3634 0 # dummy
3635 0 # dummy
3636 0 # dummy
3637 0 # dummy
3638 0 # dummy
3639 0 # dummy
3640 0 # dummy
3641 0 # dummy
3642 0 # dummy
3643 0 # dummy
3644 0 # dummy
3645 0 # dummy
3646 0 # dummy
3647 0 # dummy
3648 0 # dummy
3649 0 # dummy
3650 0 # dummy
3651 0 # dummy
3652 0 # dummy
3653 0 # dummy
3654 0 # dummy
3655 0 # dummy
3656 0 # dummy
3657 0 # dummy
3658 0 # dummy
3659 0 # dummy
3660 0 # dummy
3661 0 # dummy
3662 0 # dummy
3663 0 # dummy
3664 0 # dummy
3665 0 # dummy
3666 0 # dummy
3667 0 # dummy
3668 0 # dummy
3669 0 # dummy
3670 0 # dummy
3671 0 # dummy
3672 0 # dummy
3673 0 # dummy
3674 0 # dummy
3675 0 # dummy
3676 0 # dummy
3677 0 # dummy
3678 0 # dummy
3679 0 # dummy
3680 0 # dummy
3681 0 # dummy
3682 0 # dummy
3683 0 # dummy
3684 0 # dummy
3685 0 # dummy
3686 0 # dummy
3687 0 # dummy
3688 0 # dummy
3689 0 # dummy
3690 0 # dummy
3691 0 # dummy
3692 0 # dummy
3693 0 # dummy
3694 0 # dummy
3695 0 # dummy
3696 0 # dummy
3697 0 # dummy
3698 0 # dummy
3699 0 # dummy
3700 0 # dummy
3701 0 # dummy
3702 0 # dummy
3703 0 # dummy
3704 0 # dummy
3705 0 # dummy
3706 0 # dummy
3707 0 # dummy
3708 0 # dummy
3709 0 # dummy
3710 0 # dummy
3711 0 # dummy
3712 0 # dummy
3713 0 # dummy
3714 0 # dummy
3715 0 # dummy
3716 0 # dummy
3717 0 # dummy
3718 0 # dummy
3719 0 # dummy
3720 0 # dummy
3721 0 # dummy
3722 0 # dummy
3723 0 # dummy
3724 0 # dummy
3725 0 # dummy
3726 0 # dummy
3727 0 # dummy
3728 0 # dummy
3729 0 # dummy
3730 0 # dummy
3731 0 # dummy
3732 0 # dummy
3733 0 # dummy
3734 0 # dummy
3735 0 # dummy
3736 0 # dummy
3737 0 # dummy
3738 0 # dummy
3739 0 # dummy
3740 0 # dummy
3741 0 # dummy
3742 0 # dummy
3743 0 # dummy
3744 0 # dummy
3745 0 # dummy
3746 0 # dummy
3747 0 # dummy
3748 0 # dummy
3749 0 # dummy
3750 0 # dummy
3751 0 # dummy
3752 0 # dummy
3753 0 # dummy
3754 0 # dummy
3755 0 # dummy
3756 0 # dummy
3757 0 # dummy
3758 0 # dummy
3759 0 # dummy
3760 0 # dummy
3761 0 # dummy
3762 0 # dummy
3763 0 # dummy
3764 0 # dummy
3765 0 # dummy
3766 0 # dummy
3767 0 # dummy
3768 0 # dummy
3769 0 # dummy
3770 0 # dummy
3771 0 # dummy
3772 0 # dummy
3773 0 # dummy
3774 0 # dummy
3775 0 # dummy
3776 0 # dummy
3777 0 # dummy
3778 0 # dummy
3779 0 # dummy
3780 0 # dummy
3781 0 # dummy
3782 0 # dummy
3783 0 # dummy
3784 0 # dummy
3785 0 # dummy
3786 0 # dummy
3787 0 # dummy
3788 0 # dummy
3789 0 # dummy
3790 0 # dummy
3791 0 # dummy
3792 0 # dummy
3793 0 # dummy
3794 0 # dummy
3795 0 # dummy
3796 0 # dummy
3797 0 # dummy
3798 0 # dummy
3799 0 # dummy
3800 0 # dummy
3801 0 # dummy
3802 0 # dummy
3803 0 # dummy
3804 0 # dummy
3805 0 # dummy
3806 0 # dummy
3807 0 # dummy
3808 0 # dummy
3809 0 # dummy
3810 0 # dummy
3811 0 # dummy
3812 0 # dummy
3813 0 # dummy
3814 0 # dummy
3815 0 # dummy
3816 0 # dummy
3817 0 # dummy
3818 0 # dummy
3819 0 # dummy
3820 0 # dummy
3821 0 # dummy
3822 0 # dummy
3823 0 # dummy
3824 0 # dummy
3825 0 # dummy
3826 0 # dummy
3827 0 # dummy
3828 0 # dummy
3829 0 # dummy
3830 0 # dummy
3831 0 # dummy
3832 0 # dummy
3833 0 # dummy
3834 0 # dummy
3835 0 # dummy
3836 0 # dummy
3837 0 # dummy
3838 0 # dummy
3839 0 # dummy
3840 0 # dummy
3841 0 # dummy
3842 0 # dummy
3843 0 # dummy
3844 0 # dummy
3845 0 # dummy
3846 0 # dummy
3847 0 # dummy
3848 0 # dummy
3849 0 # dummy
3850 0 # dummy
3851 0 # dummy
3852 0 # dummy
3853 0 # dummy
3854 0 # dummy
3855 0 # dummy
3856 0 # dummy
3857 0 # dummy
3858 0 # dummy
3859 0 # dummy
3860 0 # dummy
3861 0 # dummy
3862 0 # dummy
3863 0 # dummy
3864 0 # dummy
3865 0 # dummy
3866 0 # dummy
3867 0 # dummy
3868 0 # dummy
3869 0 # dummy
3870 0 # dummy
3871 0 # dummy
3872 0 # dummy
3873 0 # dummy
3874 0 # dummy
3875 0 # dummy
3876 0 # dummy
3877 0 # dummy
3878 0 # dummy
3879 0 # dummy
3880 0 # dummy
3881 0 # dummy
3882 0 # dummy
3883 0 # dummy
3884 0 # dummy
3885 0 # dummy
3886 0 # dummy
3887 0 # dummy
3888 0 # dummy
3889 0 # dummy
3890 0 # dummy
3891 0 # dummy
3892 0 # dummy
3893 0 # dummy
3894 0 # dummy
3895 0 # dummy
3896 0 # dummy
3897 0 # dummy
3898 0 # dummy
3899 0 # dummy
3900 0 # dummy
3901 0 # dummy
3902 0 # dummy
3903 0 # dummy
3904 0 # dummy
3905 0 # dummy
3906 0 # dummy
3907 0 # dummy
3908 0 # dummy
3909 0 # dummy
3910 0 # dummy
3911 0 # dummy
3912 0 # dummy
3913 0 # dummy
3914 0 # dummy
3915 0 # dummy
3916 0 # dummy
3917 0 # dummy
3918 0 # dummy
3919 0 # dummy
3920 0 # dummy
3921 0 # dummy
3922 0 # dummy
3923 0 # dummy
3924 0 # dummy
3925 0 # dummy
3926 0 # dummy
3927 0 # dummy
3928 0 # dummy
3929 0 # dummy
3930 0 # dummy
3931 0 # dummy
3932 0 # dummy
3933 0 # dummy
3934 0 # dummy
3935 0 # dummy
3936 0 # dummy
3937 0 # dummy
3938 0 # dummy
3939 0 # dummy
3940 0 # dummy
3941 0 # dummy
3942 0 # dummy
3943 0 # dummy
3944 0 # dummy
3945 0 # dummy
3946 0 # dummy
3947 0 # dummy
3948 0 # dummy
3949 0 # dummy
3950 0 # dummy
3951 0 # dummy
3952 0 # dummy
3953 0 # dummy
3954 0 # dummy
3955 0 # dummy
3956 0 # dummy
3957 0 # dummy
3958 0 # dummy
3959 0 # dummy
3960 0 # dummy
3961 0 # dummy
3962 0 # dummy
3963 0 # dummy
3964 0 # dummy
3965 0 # dummy
3966 0 # dummy
3967 0 # dummy
3968 0 # dummy
3969 0 # dummy
3970 0 # dummy
3971 0 # dummy
3972 0 # dummy
3973 0 # dummy
3974 0 # dummy
3975 0 # dummy
3976 0 # dummy
3977 0 # dummy
3978 0 # dummy
3979 0 # dummy
3980 0 # dummy
3981 0 # dummy
3982 0 # dummy
3983 0 # dummy
3984 0 # dummy
3985 0 # dummy
3986 0 # dummy
3987 0 # dummy
3988 0 # dummy
3989 0 # dummy
3990 0 # dummy
3991 0 # dummy
3992 0 # dummy
3993 0 # dummy
3994 0 # dummy
3995 0 # dummy
3996 0 # dummy
3997 0 # dummy
3998 0 # dummy
3999 0 # dummy
4000 0 # dummy
4001 0 # dummy
4002 0 # dummy
4003 0 # dummy
4004 0 # dummy
4005 0 # dummy
4006 0 # dummy
4007 0 # dummy
4008 0 # dummy
4009 0 # dummy
4010 0 # dummy
4011 0 # dummy
4012 0 # dummy
4013 0 # dummy
4014 0 # dummy
4015 0 # dummy
4016 0 # dummy
4017 0 # dummy
4018 0 # dummy
4019 0 # dummy
4020 0 # dummy
4021 0 # dummy
4022 0 # dummy
4023 0 # dummy
4024 0 # dummy
4025 0 # dummy
4026 0 # dummy
4027 0 # dummy
4028 0 # dummy
4029 0 # dummy
4030 0 # dummy
4031 0 # dummy
4032 0 # dummy
4033 0 # dummy
4034 0 # dummy
4035 0 # dummy
4036 0 # dummy
4037 0 # dummy
4038 0 # dummy
4039 0 # dummy
4040 0 # dummy
4041 0 # dummy
4042 0 # dummy
4043 0 # dummy
4044 0 # dummy
4045 0 # dummy
4046 0 # dummy
4047 0 # dummy
4048 0 # dummy
4049 0 # dummy
4050 0 # dummy
4051 0 # dummy
4052 0 # dummy
4053 0 # dummy
4054 0 # dummy
4055 0 # dummy
4056 0 # dummy
4057 0 # dummy
4058 0 # dummy
4059 0 # dummy
4060 0 # dummy
4061 0 # dummy
4062 0 # dummy
4063 0 # dummy
4064 0 # dummy
4065 0 # dummy
4066 0 # dummy
4067 0 # dummy
4068 0 # dummy
4069 0 # dummy
4070 0 # dummy
4071 0 # dummy
4072 0 # dummy
4073 0 # dummy
4074 0 # dummy
4075 0 # dummy
4076 0 # dummy
4077 0 # dummy
4078 0 # dummy
4079 0 # dummy
4080 0 # dummy
4081 0 # dummy
4082 0 # dummy
4083 0 # dummy
4084 0 # dummy
4085 0 # dummy
4086 0 # dummy
4087 0 # dummy
4088 0 # dummy
4089 0 # dummy
4090 0 # dummy
4091 0 # dummy
4092 0 # dummy
4093 0 # dummy
4094 0 # dummy
4095 0 # dummy
