# address to addend+multiplicative factor LUT
# maps 12 bits to 18 bits
# 18 bits = (addend<<10) + multiplier)
# addend is signed 8 bits, multiplier is 10 bits
# anything after # is ignored with the exception of the header
# the header is first valid line starting with #<header> versionStr nrBitsAddress nrBitsData </header>
#<header> v1 12 18 </header>
0 512  # compresses ieta bin 0, pt 0
1 17407
2 15359
3 15359
4 15359
5 16383
6 16383
7 15359
8 15359
9 15359
10 15359
11 14335
12 14335
13 13311
14 12287
15 13311
16 11263
17 10239
18 9215
19 8191
20 5119
21 3071
22 2047
23 1010
24 1004
25 994
26 985
27 976
28 973
29 966
30 959
31 957
32 947
33 937
34 929
35 922
36 909
37 910
38 904
39 893
40 891
41 884
42 881
43 877
44 871
45 863
46 857
47 853
48 851
49 843
50 839
51 830
52 827
53 821
54 817
55 815
56 809
57 807
58 806
59 800
60 798
61 797
62 787
63 781
64 512  # compresses ieta bin 1, pt 0
65 17407
66 15359
67 15359
68 15359
69 15359
70 15359
71 15359
72 15359
73 14335
74 14335
75 14335
76 14335
77 13311
78 12287
79 12287
80 10239
81 10239
82 8191
83 7167
84 4095
85 3071
86 2046
87 1010
88 1004
89 994
90 985
91 976
92 973
93 962
94 959
95 957
96 947
97 937
98 929
99 922
100 909
101 910
102 901
103 893
104 888
105 884
106 880
107 877
108 871
109 863
110 857
111 853
112 851
113 843
114 837
115 830
116 827
117 821
118 817
119 815
120 809
121 807
122 807
123 800
124 798
125 797
126 785
127 779
128 512  # compresses ieta bin 2, pt 0
129 18431
130 17407
131 17407
132 16383
133 17407
134 17407
135 16383
136 16383
137 15359
138 16383
139 15359
140 15359
141 14335
142 13311
143 13311
144 11263
145 11263
146 9215
147 9215
148 5119
149 4095
150 3071
151 1016
152 1010
153 1000
154 990
155 981
156 973
157 966
158 964
159 957
160 947
161 941
162 933
163 926
164 912
165 910
166 904
167 893
168 891
169 884
170 883
171 880
172 873
173 865
174 860
175 856
176 851
177 845
178 839
179 832
180 829
181 823
182 819
183 817
184 809
185 809
186 807
187 802
188 799
189 798
190 785
191 775
192 512  # compresses ieta bin 3, pt 0
193 18431
194 17407
195 17407
196 16383
197 17407
198 17407
199 17407
200 16383
201 16383
202 16383
203 16383
204 15359
205 15359
206 14335
207 14335
208 12287
209 12287
210 11263
211 10239
212 7167
213 5119
214 4095
215 1021
216 1016
217 1005
218 995
219 986
220 983
221 975
222 969
223 966
224 955
225 949
226 937
227 930
228 916
229 917
230 911
231 899
232 895
233 890
234 886
235 882
236 876
237 868
238 862
239 858
240 853
241 847
242 841
243 832
244 831
245 823
246 821
247 817
248 810
249 810
250 809
251 803
252 801
253 800
254 785
255 775
256 512  # compresses ieta bin 4, pt 0
257 20479
258 18431
259 18431
260 18431
261 18431
262 18431
263 17407
264 17407
265 17407
266 17407
267 17407
268 16383
269 16383
270 15359
271 15359
272 13311
273 13311
274 12287
275 11263
276 8191
277 7167
278 6143
279 2047
280 2045
281 1011
282 1006
283 996
284 988
285 976
286 973
287 970
288 960
289 949
290 941
291 933
292 919
293 920
294 914
295 906
296 901
297 893
298 892
299 888
300 881
301 873
302 868
303 863
304 860
305 851
306 847
307 838
308 837
309 832
310 828
311 825
312 818
313 818
314 816
315 810
316 808
317 806
318 790
319 780
320 512  # compresses ieta bin 5, pt 0
321 20479
322 19455
323 19455
324 18431
325 19455
326 19455
327 18431
328 18431
329 17407
330 17407
331 17407
332 16383
333 16383
334 15359
335 15359
336 13311
337 13311
338 12287
339 11263
340 9215
341 8191
342 7167
343 3071
344 2047
345 1016
346 1011
347 997
348 993
349 985
350 977
351 974
352 964
353 953
354 945
355 937
356 923
357 924
358 915
359 906
360 904
361 896
362 892
363 888
364 881
365 873
366 870
367 863
368 860
369 851
370 847
371 838
372 837
373 832
374 828
375 825
376 818
377 818
378 816
379 810
380 808
381 806
382 791
383 780
384 512  # compresses ieta bin 6, pt 0
385 20479
386 19455
387 19455
388 18431
389 19455
390 19455
391 18431
392 18431
393 18431
394 18431
395 17407
396 17407
397 16383
398 15359
399 15359
400 13311
401 14335
402 12287
403 11263
404 9215
405 8191
406 7167
407 3071
408 2047
409 1016
410 1011
411 997
412 993
413 985
414 978
415 974
416 964
417 957
418 945
419 937
420 923
421 924
422 917
423 909
424 907
425 899
426 897
427 891
428 884
429 876
430 872
431 865
432 860
433 853
434 847
435 840
436 837
437 832
438 829
439 827
440 818
441 818
442 816
443 810
444 808
445 806
446 791
447 781
448 512  # compresses ieta bin 7, pt 0
449 20479
450 18431
451 19455
452 18431
453 19455
454 19455
455 18431
456 18431
457 18431
458 18431
459 17407
460 17407
461 16383
462 15359
463 15359
464 13311
465 14335
466 12287
467 11263
468 9215
469 8191
470 7167
471 3071
472 3071
473 1017
474 1011
475 1001
476 993
477 985
478 982
479 979
480 968
481 957
482 949
483 941
484 923
485 924
486 918
487 909
488 907
489 899
490 897
491 891
492 884
493 876
494 872
495 865
496 860
497 853
498 847
499 840
500 837
501 832
502 829
503 827
504 820
505 818
506 818
507 812
508 809
509 808
510 791
511 781
512 512  # compresses ieta bin 8, pt 0
513 20479
514 19455
515 19455
516 19455
517 19455
518 20479
519 19455
520 18431
521 18431
522 18431
523 17407
524 17407
525 17407
526 16383
527 17407
528 15359
529 15359
530 13311
531 13311
532 9215
533 8191
534 7167
535 4095
536 3071
537 1021
538 1011
539 1001
540 993
541 989
542 982
543 979
544 972
545 961
546 953
547 945
548 930
549 930
550 924
551 915
552 913
553 905
554 900
555 896
556 889
557 878
558 872
559 865
560 862
561 851
562 847
563 840
564 837
565 832
566 829
567 827
568 820
569 818
570 818
571 812
572 809
573 808
574 791
575 781
576 512  # compresses ieta bin 9, pt 0
577 23551
578 22527
579 22527
580 22527
581 23551
582 23551
583 21503
584 21503
585 21503
586 21503
587 20479
588 19455
589 18431
590 17407
591 17407
592 16383
593 16383
594 14335
595 14335
596 12287
597 11263
598 10239
599 8191
600 7167
601 5119
602 3071
603 1016
604 1007
605 999
606 995
607 987
608 980
609 970
610 964
611 952
612 937
613 937
614 931
615 921
616 919
617 911
618 909
619 904
620 897
621 888
622 885
623 880
624 876
625 866
626 862
627 853
628 852
629 844
630 843
631 839
632 831
633 830
634 828
635 823
636 819
637 818
638 804
639 794
640 512  # compresses ieta bin 10, pt 0
641 24575
642 24575
643 24575
644 24575
645 24575
646 25599
647 23551
648 23551
649 23551
650 23551
651 22527
652 21503
653 20479
654 19455
655 20479
656 18431
657 18431
658 16383
659 16383
660 14335
661 13311
662 12287
663 8191
664 7167
665 5119
666 3071
667 1016
668 1007
669 1003
670 995
671 988
672 980
673 974
674 964
675 956
676 944
677 944
678 937
679 925
680 922
681 917
682 915
683 907
684 900
685 894
686 888
687 884
688 881
689 873
690 868
691 857
692 853
693 848
694 847
695 842
696 834
697 833
698 831
699 825
700 821
701 821
702 809
703 798
704 512  # compresses ieta bin 11, pt 0
705 25599
706 25599
707 26623
708 25599
709 26623
710 26623
711 25599
712 25599
713 25599
714 24575
715 23551
716 22527
717 22527
718 20479
719 21503
720 19455
721 19455
722 17407
723 17407
724 15359
725 14335
726 13311
727 10239
728 9215
729 7167
730 6143
731 3071
732 1022
733 1017
734 1009
735 1005
736 997
737 986
738 980
739 971
740 955
741 954
742 947
743 937
744 934
745 925
746 921
747 915
748 908
749 899
750 895
751 889
752 885
753 877
754 872
755 861
756 859
757 852
758 850
759 847
760 837
761 838
762 836
763 829
764 826
765 824
766 812
767 801
768 512  # compresses ieta bin 12, pt 0
769 28671
770 28671
771 28671
772 27647
773 28671
774 30719
775 28671
776 29695
777 28671
778 28671
779 27647
780 26623
781 26623
782 24575
783 25599
784 23551
785 23551
786 21503
787 21503
788 19455
789 18431
790 17407
791 14335
792 13311
793 11263
794 9215
795 7167
796 5119
797 3071
798 2046
799 1022
800 1010
801 998
802 991
803 982
804 966
805 964
806 960
807 947
808 943
809 934
810 932
811 926
812 919
813 909
814 905
815 899
816 896
817 888
818 882
819 871
820 868
821 861
822 859
823 857
824 849
825 847
826 844
827 839
828 835
829 835
830 821
831 810
832 512  # compresses ieta bin 13, pt 0
833 30719
834 30719
835 30719
836 29695
837 30719
838 31743
839 30719
840 31743
841 30719
842 30719
843 29695
844 28671
845 28671
846 27647
847 27647
848 26623
849 26623
850 24575
851 24575
852 22527
853 20479
854 20479
855 17407
856 16383
857 14335
858 13311
859 10239
860 9215
861 7167
862 6143
863 4095
864 2047
865 1014
866 1007
867 997
868 983
869 982
870 977
871 966
872 962
873 952
874 949
875 943
876 935
877 925
878 923
879 915
880 912
881 903
882 899
883 887
884 885
885 877
886 876
887 872
888 864
889 864
890 862
891 856
892 852
893 851
894 837
895 826
896 512  # compresses ieta bin 14, pt 0
897 30719
898 30719
899 30719
900 29695
901 30719
902 31743
903 30719
904 31743
905 30719
906 30719
907 29695
908 28671
909 28671
910 27647
911 27647
912 26623
913 26623
914 24575
915 24575
916 23551
917 22527
918 22527
919 19455
920 18431
921 16383
922 15359
923 12287
924 11263
925 9215
926 8191
927 6143
928 4095
929 1022
930 1015
931 1004
932 990
933 988
934 983
935 969
936 965
937 955
938 954
939 948
940 940
941 930
942 928
943 923
944 917
945 909
946 903
947 893
948 889
949 882
950 879
951 877
952 869
953 869
954 867
955 860
956 857
957 856
958 843
959 830
960 512  # compresses ieta bin 15, pt 0
961 29695
962 29695
963 30719
964 29695
965 30719
966 31743
967 30719
968 31743
969 30719
970 30719
971 29695
972 29695
973 28671
974 27647
975 28671
976 26623
977 26623
978 25599
979 25599
980 23551
981 23551
982 22527
983 19455
984 19455
985 17407
986 16383
987 13311
988 12287
989 10239
990 9215
991 8191
992 5119
993 2047
994 1019
995 1008
996 994
997 992
998 986
999 978
1000 971
1001 961
1002 957
1003 954
1004 945
1005 938
1006 933
1007 927
1008 924
1009 914
1010 909
1011 898
1012 895
1013 887
1014 884
1015 881
1016 876
1017 875
1018 873
1019 866
1020 863
1021 861
1022 846
1023 834
1024 512  # compresses ieta bin 16, pt 0
1025 29695
1026 29695
1027 30719
1028 29695
1029 30719
1030 31743
1031 30719
1032 31743
1033 30719
1034 30719
1035 29695
1036 29695
1037 28671
1038 27647
1039 28671
1040 26623
1041 26623
1042 25599
1043 25599
1044 23551
1045 23551
1046 22527
1047 19455
1048 19455
1049 17407
1050 16383
1051 13311
1052 12287
1053 10239
1054 9215
1055 7167
1056 5119
1057 2046
1058 1019
1059 1008
1060 991
1061 992
1062 983
1063 972
1064 968
1065 958
1066 957
1067 951
1068 943
1069 932
1070 928
1071 923
1072 919
1073 911
1074 905
1075 895
1076 891
1077 884
1078 881
1079 878
1080 871
1081 870
1082 868
1083 862
1084 859
1085 857
1086 843
1087 830
1088 512  # compresses ieta bin 17, pt 0
1089 26623
1090 26623
1091 26623
1092 25599
1093 26623
1094 27647
1095 25599
1096 26623
1097 26623
1098 25599
1099 24575
1100 24575
1101 23551
1102 22527
1103 22527
1104 20479
1105 20479
1106 18431
1107 18431
1108 15359
1109 14335
1110 13311
1111 10239
1112 9215
1113 7167
1114 5119
1115 2046
1116 1017
1117 1008
1118 1000
1119 992
1120 985
1121 974
1122 968
1123 956
1124 944
1125 941
1126 934
1127 925
1128 922
1129 911
1130 909
1131 904
1132 898
1133 891
1134 885
1135 877
1136 874
1137 864
1138 860
1139 850
1140 848
1141 839
1142 838
1143 834
1144 825
1145 823
1146 821
1147 813
1148 810
1149 810
1150 795
1151 783
1152 512  # compresses ieta bin 18, pt 0
1153 24575
1154 25599
1155 25599
1156 25599
1157 26623
1158 26623
1159 25599
1160 25599
1161 25599
1162 25599
1163 24575
1164 23551
1165 22527
1166 21503
1167 21503
1168 20479
1169 20479
1170 18431
1171 18431
1172 15359
1173 14335
1174 13311
1175 10239
1176 9215
1177 7167
1178 5119
1179 2047
1180 1017
1181 1008
1182 1000
1183 996
1184 989
1185 978
1186 968
1187 959
1188 944
1189 944
1190 937
1191 925
1192 922
1193 914
1194 912
1195 907
1196 900
1197 891
1198 887
1199 880
1200 874
1201 866
1202 862
1203 852
1204 848
1205 837
1206 836
1207 832
1208 823
1209 821
1210 818
1211 812
1212 808
1213 806
1214 789
1215 776
1216 512  # compresses ieta bin 19, pt 0
1217 27647
1218 27647
1219 27647
1220 26623
1221 27647
1222 27647
1223 25599
1224 26623
1225 25599
1226 25599
1227 24575
1228 23551
1229 22527
1230 21503
1231 21503
1232 19455
1233 20479
1234 18431
1235 17407
1236 14335
1237 12287
1238 12287
1239 9215
1240 8191
1241 6143
1242 4095
1243 1021
1244 1012
1245 1003
1246 995
1247 987
1248 980
1249 970
1250 960
1251 952
1252 937
1253 934
1254 927
1255 918
1256 916
1257 908
1258 906
1259 899
1260 895
1261 886
1262 880
1263 872
1264 869
1265 860
1266 856
1267 846
1268 842
1269 832
1270 831
1271 825
1272 817
1273 815
1274 813
1275 806
1276 802
1277 801
1278 785
1279 772
1280 512  # compresses ieta bin 20, pt 0
1281 27647
1282 27647
1283 27647
1284 25599
1285 26623
1286 27647
1287 24575
1288 24575
1289 24575
1290 23551
1291 22527
1292 21503
1293 20479
1294 18431
1295 19455
1296 17407
1297 17407
1298 16383
1299 15359
1300 12287
1301 11263
1302 10239
1303 6143
1304 5119
1305 3071
1306 1022
1307 1007
1308 998
1309 990
1310 986
1311 979
1312 972
1313 961
1314 953
1315 945
1316 934
1317 930
1318 924
1319 915
1320 910
1321 902
1322 900
1323 896
1324 889
1325 881
1326 877
1327 870
1328 865
1329 856
1330 849
1331 838
1332 835
1333 821
1334 819
1335 815
1336 806
1337 804
1338 802
1339 795
1340 791
1341 790
1342 774
1343 760
1344 512  # compresses ieta bin 21, pt 0
1345 27647
1346 26623
1347 27647
1348 25599
1349 26623
1350 26623
1351 24575
1352 24575
1353 23551
1354 23551
1355 22527
1356 21503
1357 20479
1358 18431
1359 18431
1360 17407
1361 17407
1362 15359
1363 14335
1364 11263
1365 10239
1366 9215
1367 5119
1368 4095
1369 1022
1370 1012
1371 997
1372 989
1373 985
1374 977
1375 970
1376 960
1377 949
1378 941
1379 933
1380 923
1381 920
1382 911
1383 902
1384 901
1385 893
1386 889
1387 882
1388 876
1389 870
1390 867
1391 860
1392 856
1393 847
1394 841
1395 830
1396 825
1397 812
1398 810
1399 805
1400 798
1401 795
1402 793
1403 786
1404 783
1405 781
1406 765
1407 752
1408 512  # compresses ieta bin 22, pt 0
1409 26623
1410 25599
1411 25599
1412 22527
1413 23551
1414 24575
1415 21503
1416 22527
1417 21503
1418 21503
1419 20479
1420 20479
1421 19455
1422 18431
1423 18431
1424 16383
1425 17407
1426 15359
1427 14335
1428 11263
1429 9215
1430 8191
1431 4095
1432 3071
1433 1016
1434 1006
1435 991
1436 979
1437 971
1438 964
1439 961
1440 951
1441 941
1442 933
1443 926
1444 916
1445 913
1446 904
1447 896
1448 892
1449 885
1450 883
1451 877
1452 871
1453 865
1454 860
1455 853
1456 849
1457 840
1458 835
1459 824
1460 820
1461 809
1462 805
1463 801
1464 793
1465 790
1466 788
1467 782
1468 779
1469 777
1470 762
1471 749
1472 512  # compresses ieta bin 23, pt 0
1473 22527
1474 21503
1475 21503
1476 20479
1477 21503
1478 21503
1479 19455
1480 20479
1481 19455
1482 18431
1483 18431
1484 18431
1485 17407
1486 15359
1487 15359
1488 14335
1489 14335
1490 12287
1491 11263
1492 8191
1493 6143
1494 5119
1495 2046
1496 1021
1497 1005
1498 995
1499 981
1500 973
1501 962
1502 955
1503 953
1504 943
1505 933
1506 926
1507 919
1508 909
1509 906
1510 898
1511 890
1512 888
1513 879
1514 878
1515 871
1516 865
1517 860
1518 855
1519 848
1520 844
1521 834
1522 829
1523 818
1524 814
1525 802
1526 800
1527 796
1528 788
1529 786
1530 784
1531 778
1532 773
1533 772
1534 757
1535 745
1536 512  # compresses ieta bin 24, pt 0
1537 21503
1538 20479
1539 20479
1540 19455
1541 20479
1542 20479
1543 18431
1544 18431
1545 17407
1546 17407
1547 16383
1548 16383
1549 16383
1550 14335
1551 14335
1552 13311
1553 13311
1554 11263
1555 10239
1556 7167
1557 6143
1558 5119
1559 1021
1560 1016
1561 1005
1562 990
1563 976
1564 969
1565 961
1566 955
1567 949
1568 943
1569 933
1570 926
1571 919
1572 905
1573 903
1574 898
1575 887
1576 885
1577 878
1578 875
1579 871
1580 865
1581 857
1582 852
1583 846
1584 842
1585 834
1586 829
1587 816
1588 814
1589 802
1590 798
1591 794
1592 787
1593 784
1594 782
1595 776
1596 772
1597 772
1598 756
1599 744
1600 512  # compresses ieta bin 25, pt 0
1601 21503
1602 20479
1603 20479
1604 19455
1605 20479
1606 20479
1607 18431
1608 18431
1609 17407
1610 17407
1611 17407
1612 16383
1613 16383
1614 14335
1615 14335
1616 13311
1617 13311
1618 11263
1619 11263
1620 8191
1621 7167
1622 6143
1623 3071
1624 2046
1625 1016
1626 1001
1627 987
1628 978
1629 971
1630 964
1631 961
1632 951
1633 941
1634 933
1635 926
1636 916
1637 913
1638 908
1639 899
1640 894
1641 887
1642 886
1643 880
1644 873
1645 868
1646 862
1647 856
1648 851
1649 843
1650 837
1651 824
1652 822
1653 809
1654 805
1655 801
1656 793
1657 792
1658 790
1659 783
1660 779
1661 778
1662 763
1663 750
1664 512  # compresses ieta bin 26, pt 0
1665 37887
1666 39935
1667 39935
1668 40959
1669 36863
1670 37887
1671 35839
1672 36863
1673 36863
1674 35839
1675 33791
1676 31743
1677 30719
1678 27647
1679 28671
1680 27647
1681 27647
1682 29695
1683 29695
1684 25599
1685 24575
1686 23551
1687 20479
1688 20479
1689 16383
1690 14335
1691 10239
1692 8191
1693 7167
1694 7167
1695 6143
1696 4095
1697 1022
1698 1015
1699 1008
1700 990
1701 988
1702 983
1703 972
1704 968
1705 955
1706 952
1707 943
1708 932
1709 919
1710 913
1711 901
1712 894
1713 886
1714 878
1715 865
1716 863
1717 850
1718 847
1719 842
1720 833
1721 830
1722 828
1723 820
1724 817
1725 816
1726 798
1727 785
1728 512  # compresses ieta bin 27, pt 0
1729 49151
1730 49151
1731 48127
1732 47103
1733 44031
1734 46079
1735 44031
1736 48127
1737 48127
1738 46079
1739 45055
1740 43007
1741 40959
1742 37887
1743 38911
1744 37887
1745 39935
1746 40959
1747 41983
1748 36863
1749 36863
1750 36863
1751 33791
1752 34815
1753 30719
1754 27647
1755 24575
1756 22527
1757 21503
1758 20479
1759 20479
1760 17407
1761 15359
1762 13311
1763 10239
1764 4095
1765 4095
1766 2046
1767 1013
1768 1007
1769 999
1770 997
1771 998
1772 993
1773 979
1774 970
1775 954
1776 946
1777 939
1778 929
1779 912
1780 906
1781 886
1782 881
1783 877
1784 868
1785 864
1786 859
1787 852
1788 848
1789 845
1790 829
1791 815
1792 512  # compresses ieta bin 28, pt 0
1793 23551
1794 19455
1795 18431
1796 16383
1797 14335
1798 13311
1799 9215
1800 7167
1801 6143
1802 5119
1803 5119
1804 3071
1805 2047
1806 1019
1807 1002
1808 986
1809 979
1810 966
1811 947
1812 938
1813 936
1814 928
1815 914
1816 908
1817 902
1818 901
1819 891
1820 886
1821 882
1822 879
1823 879
1824 854
1825 844
1826 832
1827 826
1828 823
1829 818
1830 809
1831 808
1832 803
1833 802
1834 798
1835 797
1836 791
1837 769
1838 764
1839 760
1840 758
1841 750
1842 751
1843 746
1844 736
1845 730
1846 728
1847 725
1848 718
1849 718
1850 716
1851 716
1852 715
1853 714
1854 697
1855 686
1856 512  # compresses ieta bin 29, pt 0
1857 22527
1858 18431
1859 15359
1860 12287
1861 10239
1862 8191
1863 5119
1864 3071
1865 1019
1866 1008
1867 989
1868 970
1869 953
1870 939
1871 924
1872 909
1873 905
1874 889
1875 867
1876 861
1877 850
1878 834
1879 813
1880 805
1881 798
1882 797
1883 776
1884 770
1885 770
1886 762
1887 757
1888 754
1889 746
1890 735
1891 726
1892 713
1893 708
1894 701
1895 697
1896 690
1897 687
1898 678
1899 673
1900 666
1901 663
1902 662
1903 657
1904 654
1905 649
1906 647
1907 642
1908 637
1909 631
1910 628
1911 625
1912 623
1913 622
1914 621
1915 620
1916 619
1917 619
1918 603
1919 593
1920 512  # compresses ieta bin 30, pt 0
1921 18431
1922 14335
1923 11263
1924 9215
1925 7167
1926 6143
1927 2043
1928 1007
1929 976
1930 965
1931 939
1932 931
1933 915
1934 892
1935 887
1936 875
1937 872
1938 858
1939 845
1940 834
1941 824
1942 809
1943 801
1944 794
1945 782
1946 776
1947 765
1948 757
1949 757
1950 744
1951 736
1952 737
1953 730
1954 716
1955 715
1956 702
1957 698
1958 698
1959 691
1960 687
1961 684
1962 673
1963 670
1964 663
1965 659
1966 657
1967 655
1968 649
1969 643
1970 640
1971 639
1972 633
1973 628
1974 625
1975 622
1976 620
1977 619
1978 618
1979 617
1980 617
1981 615
1982 599
1983 590
1984 512  # compresses ieta bin 31, pt 0
1985 13311
1986 8191
1987 6143
1988 3071
1989 1019
1990 1005
1991 970
1992 938
1993 929
1994 912
1995 896
1996 882
1997 868
1998 855
1999 843
2000 824
2001 822
2002 811
2003 794
2004 785
2005 778
2006 772
2007 760
2008 754
2009 744
2010 739
2011 730
2012 722
2013 720
2014 712
2015 705
2016 703
2017 693
2018 681
2019 677
2020 670
2021 664
2022 661
2023 659
2024 654
2025 649
2026 644
2027 643
2028 636
2029 633
2030 629
2031 626
2032 622
2033 615
2034 614
2035 609
2036 605
2037 599
2038 597
2039 596
2040 593
2041 593
2042 593
2043 593
2044 593
2045 592
2046 578
2047 567
2048 512  # compresses ieta bin 32, pt 0
2049 11263
2050 6143
2051 4095
2052 2040
2053 1004
2054 968
2055 935
2056 914
2057 897
2058 881
2059 867
2060 852
2061 839
2062 827
2063 809
2064 790
2065 789
2066 780
2067 764
2068 758
2069 746
2070 741
2071 730
2072 726
2073 716
2074 713
2075 700
2076 693
2077 691
2078 681
2079 675
2080 674
2081 669
2082 654
2083 651
2084 642
2085 640
2086 638
2087 637
2088 629
2089 628
2090 622
2091 618
2092 612
2093 612
2094 609
2095 607
2096 602
2097 597
2098 597
2099 594
2100 590
2101 587
2102 584
2103 581
2104 580
2105 580
2106 583
2107 583
2108 583
2109 581
2110 567
2111 557
2112 512  # compresses ieta bin 33, pt 0
2113 12287
2114 7167
2115 5119
2116 2044
2117 1004
2118 969
2119 945
2120 915
2121 898
2122 882
2123 876
2124 853
2125 840
2126 827
2127 817
2128 798
2129 789
2130 781
2131 765
2132 758
2133 752
2134 741
2135 730
2136 726
2137 716
2138 713
2139 700
2140 693
2141 691
2142 681
2143 675
2144 674
2145 669
2146 654
2147 651
2148 642
2149 640
2150 638
2151 634
2152 629
2153 625
2154 622
2155 615
2156 610
2157 609
2158 606
2159 604
2160 600
2161 593
2162 593
2163 590
2164 588
2165 583
2166 580
2167 578
2168 577
2169 577
2170 578
2171 579
2172 579
2173 579
2174 566
2175 556
2176 512  # compresses ieta bin 34, pt 0
2177 12287
2178 7167
2179 5119
2180 2047
2181 1005
2182 980
2183 946
2184 925
2185 908
2186 892
2187 886
2188 863
2189 850
2190 838
2191 825
2192 807
2193 806
2194 796
2195 779
2196 766
2197 759
2198 753
2199 742
2200 737
2201 722
2202 718
2203 706
2204 698
2205 696
2206 686
2207 679
2208 678
2209 669
2210 658
2211 652
2212 646
2213 640
2214 639
2215 637
2216 632
2217 628
2218 622
2219 618
2220 612
2221 609
2222 606
2223 604
2224 600
2225 595
2226 593
2227 592
2228 588
2229 583
2230 580
2231 579
2232 578
2233 579
2234 580
2235 580
2236 581
2237 580
2238 567
2239 557
2240 512  # compresses ieta bin 35, pt 0
2241 14335
2242 10239
2243 8191
2244 5119
2245 3071
2246 1019
2247 982
2248 960
2249 932
2250 914
2251 896
2252 882
2253 868
2254 855
2255 835
2256 816
2257 814
2258 797
2259 780
2260 772
2261 765
2262 759
2263 748
2264 737
2265 723
2266 724
2267 710
2268 703
2269 701
2270 690
2271 684
2272 682
2273 673
2274 658
2275 655
2276 646
2277 644
2278 642
2279 640
2280 633
2281 631
2282 624
2283 618
2284 615
2285 612
2286 609
2287 607
2288 602
2289 597
2290 595
2291 594
2292 590
2293 585
2294 582
2295 581
2296 580
2297 580
2298 581
2299 582
2300 582
2301 580
2302 569
2303 558
2304 512  # compresses ieta bin 36, pt 0
2305 16383
2306 11263
2307 10239
2308 7167
2309 5119
2310 3071
2311 1006
2312 984
2313 963
2314 944
2315 917
2316 892
2317 877
2318 864
2319 843
2320 824
2321 822
2322 811
2323 794
2324 786
2325 778
2326 778
2327 765
2328 754
2329 744
2330 739
2331 726
2332 717
2333 715
2334 704
2335 697
2336 695
2337 685
2338 673
2339 670
2340 660
2341 657
2342 655
2343 653
2344 645
2345 643
2346 636
2347 632
2348 625
2349 625
2350 621
2351 617
2352 613
2353 608
2354 606
2355 603
2356 599
2357 596
2358 592
2359 591
2360 589
2361 590
2362 591
2363 592
2364 592
2365 591
2366 579
2367 568
2368 512  # compresses ieta bin 37, pt 0
2369 16383
2370 11263
2371 10239
2372 8191
2373 5119
2374 4095
2375 1018
2376 1007
2377 996
2378 976
2379 948
2380 931
2381 907
2382 884
2383 870
2384 849
2385 840
2386 834
2387 809
2388 792
2389 785
2390 779
2391 771
2392 760
2393 749
2394 745
2395 731
2396 722
2397 720
2398 712
2399 701
2400 699
2401 693
2402 677
2403 674
2404 663
2405 657
2406 658
2407 656
2408 648
2409 646
2410 639
2411 635
2412 628
2413 627
2414 624
2415 621
2416 615
2417 610
2418 610
2419 605
2420 603
2421 597
2422 596
2423 594
2424 593
2425 593
2426 594
2427 594
2428 595
2429 593
2430 581
2431 571
2432 512  # compresses ieta bin 38, pt 0
2433 26623
2434 28671
2435 25599
2436 22527
2437 18431
2438 16383
2439 15359
2440 13311
2441 12287
2442 10239
2443 9215
2444 5119
2445 2045
2446 1019
2447 995
2448 977
2449 971
2450 943
2451 904
2452 882
2453 863
2454 840
2455 807
2456 800
2457 787
2458 781
2459 766
2460 756
2461 757
2462 744
2463 736
2464 733
2465 726
2466 712
2467 707
2468 695
2469 691
2470 688
2471 684
2472 678
2473 675
2474 670
2475 665
2476 660
2477 656
2478 654
2479 650
2480 645
2481 640
2482 638
2483 635
2484 631
2485 626
2486 623
2487 622
2488 621
2489 622
2490 622
2491 623
2492 624
2493 621
2494 610
2495 599
2496 512  # compresses ieta bin 39, pt 0
2497 26623
2498 28671
2499 25599
2500 22527
2501 18431
2502 16383
2503 15359
2504 13311
2505 12287
2506 10239
2507 9215
2508 5119
2509 2045
2510 1019
2511 995
2512 977
2513 972
2514 943
2515 912
2516 890
2517 877
2518 865
2519 825
2520 817
2521 804
2522 802
2523 791
2524 780
2525 784
2526 771
2527 766
2528 762
2529 754
2530 739
2531 737
2532 724
2533 719
2534 717
2535 713
2536 706
2537 705
2538 698
2539 692
2540 687
2541 684
2542 679
2543 676
2544 672
2545 666
2546 665
2547 660
2548 655
2549 646
2550 644
2551 642
2552 640
2553 640
2554 642
2555 642
2556 643
2557 642
2558 629
2559 619
2560 0 # dummy
2561 0 # dummy
2562 0 # dummy
2563 0 # dummy
2564 0 # dummy
2565 0 # dummy
2566 0 # dummy
2567 0 # dummy
2568 0 # dummy
2569 0 # dummy
2570 0 # dummy
2571 0 # dummy
2572 0 # dummy
2573 0 # dummy
2574 0 # dummy
2575 0 # dummy
2576 0 # dummy
2577 0 # dummy
2578 0 # dummy
2579 0 # dummy
2580 0 # dummy
2581 0 # dummy
2582 0 # dummy
2583 0 # dummy
2584 0 # dummy
2585 0 # dummy
2586 0 # dummy
2587 0 # dummy
2588 0 # dummy
2589 0 # dummy
2590 0 # dummy
2591 0 # dummy
2592 0 # dummy
2593 0 # dummy
2594 0 # dummy
2595 0 # dummy
2596 0 # dummy
2597 0 # dummy
2598 0 # dummy
2599 0 # dummy
2600 0 # dummy
2601 0 # dummy
2602 0 # dummy
2603 0 # dummy
2604 0 # dummy
2605 0 # dummy
2606 0 # dummy
2607 0 # dummy
2608 0 # dummy
2609 0 # dummy
2610 0 # dummy
2611 0 # dummy
2612 0 # dummy
2613 0 # dummy
2614 0 # dummy
2615 0 # dummy
2616 0 # dummy
2617 0 # dummy
2618 0 # dummy
2619 0 # dummy
2620 0 # dummy
2621 0 # dummy
2622 0 # dummy
2623 0 # dummy
2624 0 # dummy
2625 0 # dummy
2626 0 # dummy
2627 0 # dummy
2628 0 # dummy
2629 0 # dummy
2630 0 # dummy
2631 0 # dummy
2632 0 # dummy
2633 0 # dummy
2634 0 # dummy
2635 0 # dummy
2636 0 # dummy
2637 0 # dummy
2638 0 # dummy
2639 0 # dummy
2640 0 # dummy
2641 0 # dummy
2642 0 # dummy
2643 0 # dummy
2644 0 # dummy
2645 0 # dummy
2646 0 # dummy
2647 0 # dummy
2648 0 # dummy
2649 0 # dummy
2650 0 # dummy
2651 0 # dummy
2652 0 # dummy
2653 0 # dummy
2654 0 # dummy
2655 0 # dummy
2656 0 # dummy
2657 0 # dummy
2658 0 # dummy
2659 0 # dummy
2660 0 # dummy
2661 0 # dummy
2662 0 # dummy
2663 0 # dummy
2664 0 # dummy
2665 0 # dummy
2666 0 # dummy
2667 0 # dummy
2668 0 # dummy
2669 0 # dummy
2670 0 # dummy
2671 0 # dummy
2672 0 # dummy
2673 0 # dummy
2674 0 # dummy
2675 0 # dummy
2676 0 # dummy
2677 0 # dummy
2678 0 # dummy
2679 0 # dummy
2680 0 # dummy
2681 0 # dummy
2682 0 # dummy
2683 0 # dummy
2684 0 # dummy
2685 0 # dummy
2686 0 # dummy
2687 0 # dummy
2688 0 # dummy
2689 0 # dummy
2690 0 # dummy
2691 0 # dummy
2692 0 # dummy
2693 0 # dummy
2694 0 # dummy
2695 0 # dummy
2696 0 # dummy
2697 0 # dummy
2698 0 # dummy
2699 0 # dummy
2700 0 # dummy
2701 0 # dummy
2702 0 # dummy
2703 0 # dummy
2704 0 # dummy
2705 0 # dummy
2706 0 # dummy
2707 0 # dummy
2708 0 # dummy
2709 0 # dummy
2710 0 # dummy
2711 0 # dummy
2712 0 # dummy
2713 0 # dummy
2714 0 # dummy
2715 0 # dummy
2716 0 # dummy
2717 0 # dummy
2718 0 # dummy
2719 0 # dummy
2720 0 # dummy
2721 0 # dummy
2722 0 # dummy
2723 0 # dummy
2724 0 # dummy
2725 0 # dummy
2726 0 # dummy
2727 0 # dummy
2728 0 # dummy
2729 0 # dummy
2730 0 # dummy
2731 0 # dummy
2732 0 # dummy
2733 0 # dummy
2734 0 # dummy
2735 0 # dummy
2736 0 # dummy
2737 0 # dummy
2738 0 # dummy
2739 0 # dummy
2740 0 # dummy
2741 0 # dummy
2742 0 # dummy
2743 0 # dummy
2744 0 # dummy
2745 0 # dummy
2746 0 # dummy
2747 0 # dummy
2748 0 # dummy
2749 0 # dummy
2750 0 # dummy
2751 0 # dummy
2752 0 # dummy
2753 0 # dummy
2754 0 # dummy
2755 0 # dummy
2756 0 # dummy
2757 0 # dummy
2758 0 # dummy
2759 0 # dummy
2760 0 # dummy
2761 0 # dummy
2762 0 # dummy
2763 0 # dummy
2764 0 # dummy
2765 0 # dummy
2766 0 # dummy
2767 0 # dummy
2768 0 # dummy
2769 0 # dummy
2770 0 # dummy
2771 0 # dummy
2772 0 # dummy
2773 0 # dummy
2774 0 # dummy
2775 0 # dummy
2776 0 # dummy
2777 0 # dummy
2778 0 # dummy
2779 0 # dummy
2780 0 # dummy
2781 0 # dummy
2782 0 # dummy
2783 0 # dummy
2784 0 # dummy
2785 0 # dummy
2786 0 # dummy
2787 0 # dummy
2788 0 # dummy
2789 0 # dummy
2790 0 # dummy
2791 0 # dummy
2792 0 # dummy
2793 0 # dummy
2794 0 # dummy
2795 0 # dummy
2796 0 # dummy
2797 0 # dummy
2798 0 # dummy
2799 0 # dummy
2800 0 # dummy
2801 0 # dummy
2802 0 # dummy
2803 0 # dummy
2804 0 # dummy
2805 0 # dummy
2806 0 # dummy
2807 0 # dummy
2808 0 # dummy
2809 0 # dummy
2810 0 # dummy
2811 0 # dummy
2812 0 # dummy
2813 0 # dummy
2814 0 # dummy
2815 0 # dummy
2816 0 # dummy
2817 0 # dummy
2818 0 # dummy
2819 0 # dummy
2820 0 # dummy
2821 0 # dummy
2822 0 # dummy
2823 0 # dummy
2824 0 # dummy
2825 0 # dummy
2826 0 # dummy
2827 0 # dummy
2828 0 # dummy
2829 0 # dummy
2830 0 # dummy
2831 0 # dummy
2832 0 # dummy
2833 0 # dummy
2834 0 # dummy
2835 0 # dummy
2836 0 # dummy
2837 0 # dummy
2838 0 # dummy
2839 0 # dummy
2840 0 # dummy
2841 0 # dummy
2842 0 # dummy
2843 0 # dummy
2844 0 # dummy
2845 0 # dummy
2846 0 # dummy
2847 0 # dummy
2848 0 # dummy
2849 0 # dummy
2850 0 # dummy
2851 0 # dummy
2852 0 # dummy
2853 0 # dummy
2854 0 # dummy
2855 0 # dummy
2856 0 # dummy
2857 0 # dummy
2858 0 # dummy
2859 0 # dummy
2860 0 # dummy
2861 0 # dummy
2862 0 # dummy
2863 0 # dummy
2864 0 # dummy
2865 0 # dummy
2866 0 # dummy
2867 0 # dummy
2868 0 # dummy
2869 0 # dummy
2870 0 # dummy
2871 0 # dummy
2872 0 # dummy
2873 0 # dummy
2874 0 # dummy
2875 0 # dummy
2876 0 # dummy
2877 0 # dummy
2878 0 # dummy
2879 0 # dummy
2880 0 # dummy
2881 0 # dummy
2882 0 # dummy
2883 0 # dummy
2884 0 # dummy
2885 0 # dummy
2886 0 # dummy
2887 0 # dummy
2888 0 # dummy
2889 0 # dummy
2890 0 # dummy
2891 0 # dummy
2892 0 # dummy
2893 0 # dummy
2894 0 # dummy
2895 0 # dummy
2896 0 # dummy
2897 0 # dummy
2898 0 # dummy
2899 0 # dummy
2900 0 # dummy
2901 0 # dummy
2902 0 # dummy
2903 0 # dummy
2904 0 # dummy
2905 0 # dummy
2906 0 # dummy
2907 0 # dummy
2908 0 # dummy
2909 0 # dummy
2910 0 # dummy
2911 0 # dummy
2912 0 # dummy
2913 0 # dummy
2914 0 # dummy
2915 0 # dummy
2916 0 # dummy
2917 0 # dummy
2918 0 # dummy
2919 0 # dummy
2920 0 # dummy
2921 0 # dummy
2922 0 # dummy
2923 0 # dummy
2924 0 # dummy
2925 0 # dummy
2926 0 # dummy
2927 0 # dummy
2928 0 # dummy
2929 0 # dummy
2930 0 # dummy
2931 0 # dummy
2932 0 # dummy
2933 0 # dummy
2934 0 # dummy
2935 0 # dummy
2936 0 # dummy
2937 0 # dummy
2938 0 # dummy
2939 0 # dummy
2940 0 # dummy
2941 0 # dummy
2942 0 # dummy
2943 0 # dummy
2944 0 # dummy
2945 0 # dummy
2946 0 # dummy
2947 0 # dummy
2948 0 # dummy
2949 0 # dummy
2950 0 # dummy
2951 0 # dummy
2952 0 # dummy
2953 0 # dummy
2954 0 # dummy
2955 0 # dummy
2956 0 # dummy
2957 0 # dummy
2958 0 # dummy
2959 0 # dummy
2960 0 # dummy
2961 0 # dummy
2962 0 # dummy
2963 0 # dummy
2964 0 # dummy
2965 0 # dummy
2966 0 # dummy
2967 0 # dummy
2968 0 # dummy
2969 0 # dummy
2970 0 # dummy
2971 0 # dummy
2972 0 # dummy
2973 0 # dummy
2974 0 # dummy
2975 0 # dummy
2976 0 # dummy
2977 0 # dummy
2978 0 # dummy
2979 0 # dummy
2980 0 # dummy
2981 0 # dummy
2982 0 # dummy
2983 0 # dummy
2984 0 # dummy
2985 0 # dummy
2986 0 # dummy
2987 0 # dummy
2988 0 # dummy
2989 0 # dummy
2990 0 # dummy
2991 0 # dummy
2992 0 # dummy
2993 0 # dummy
2994 0 # dummy
2995 0 # dummy
2996 0 # dummy
2997 0 # dummy
2998 0 # dummy
2999 0 # dummy
3000 0 # dummy
3001 0 # dummy
3002 0 # dummy
3003 0 # dummy
3004 0 # dummy
3005 0 # dummy
3006 0 # dummy
3007 0 # dummy
3008 0 # dummy
3009 0 # dummy
3010 0 # dummy
3011 0 # dummy
3012 0 # dummy
3013 0 # dummy
3014 0 # dummy
3015 0 # dummy
3016 0 # dummy
3017 0 # dummy
3018 0 # dummy
3019 0 # dummy
3020 0 # dummy
3021 0 # dummy
3022 0 # dummy
3023 0 # dummy
3024 0 # dummy
3025 0 # dummy
3026 0 # dummy
3027 0 # dummy
3028 0 # dummy
3029 0 # dummy
3030 0 # dummy
3031 0 # dummy
3032 0 # dummy
3033 0 # dummy
3034 0 # dummy
3035 0 # dummy
3036 0 # dummy
3037 0 # dummy
3038 0 # dummy
3039 0 # dummy
3040 0 # dummy
3041 0 # dummy
3042 0 # dummy
3043 0 # dummy
3044 0 # dummy
3045 0 # dummy
3046 0 # dummy
3047 0 # dummy
3048 0 # dummy
3049 0 # dummy
3050 0 # dummy
3051 0 # dummy
3052 0 # dummy
3053 0 # dummy
3054 0 # dummy
3055 0 # dummy
3056 0 # dummy
3057 0 # dummy
3058 0 # dummy
3059 0 # dummy
3060 0 # dummy
3061 0 # dummy
3062 0 # dummy
3063 0 # dummy
3064 0 # dummy
3065 0 # dummy
3066 0 # dummy
3067 0 # dummy
3068 0 # dummy
3069 0 # dummy
3070 0 # dummy
3071 0 # dummy
3072 0 # dummy
3073 0 # dummy
3074 0 # dummy
3075 0 # dummy
3076 0 # dummy
3077 0 # dummy
3078 0 # dummy
3079 0 # dummy
3080 0 # dummy
3081 0 # dummy
3082 0 # dummy
3083 0 # dummy
3084 0 # dummy
3085 0 # dummy
3086 0 # dummy
3087 0 # dummy
3088 0 # dummy
3089 0 # dummy
3090 0 # dummy
3091 0 # dummy
3092 0 # dummy
3093 0 # dummy
3094 0 # dummy
3095 0 # dummy
3096 0 # dummy
3097 0 # dummy
3098 0 # dummy
3099 0 # dummy
3100 0 # dummy
3101 0 # dummy
3102 0 # dummy
3103 0 # dummy
3104 0 # dummy
3105 0 # dummy
3106 0 # dummy
3107 0 # dummy
3108 0 # dummy
3109 0 # dummy
3110 0 # dummy
3111 0 # dummy
3112 0 # dummy
3113 0 # dummy
3114 0 # dummy
3115 0 # dummy
3116 0 # dummy
3117 0 # dummy
3118 0 # dummy
3119 0 # dummy
3120 0 # dummy
3121 0 # dummy
3122 0 # dummy
3123 0 # dummy
3124 0 # dummy
3125 0 # dummy
3126 0 # dummy
3127 0 # dummy
3128 0 # dummy
3129 0 # dummy
3130 0 # dummy
3131 0 # dummy
3132 0 # dummy
3133 0 # dummy
3134 0 # dummy
3135 0 # dummy
3136 0 # dummy
3137 0 # dummy
3138 0 # dummy
3139 0 # dummy
3140 0 # dummy
3141 0 # dummy
3142 0 # dummy
3143 0 # dummy
3144 0 # dummy
3145 0 # dummy
3146 0 # dummy
3147 0 # dummy
3148 0 # dummy
3149 0 # dummy
3150 0 # dummy
3151 0 # dummy
3152 0 # dummy
3153 0 # dummy
3154 0 # dummy
3155 0 # dummy
3156 0 # dummy
3157 0 # dummy
3158 0 # dummy
3159 0 # dummy
3160 0 # dummy
3161 0 # dummy
3162 0 # dummy
3163 0 # dummy
3164 0 # dummy
3165 0 # dummy
3166 0 # dummy
3167 0 # dummy
3168 0 # dummy
3169 0 # dummy
3170 0 # dummy
3171 0 # dummy
3172 0 # dummy
3173 0 # dummy
3174 0 # dummy
3175 0 # dummy
3176 0 # dummy
3177 0 # dummy
3178 0 # dummy
3179 0 # dummy
3180 0 # dummy
3181 0 # dummy
3182 0 # dummy
3183 0 # dummy
3184 0 # dummy
3185 0 # dummy
3186 0 # dummy
3187 0 # dummy
3188 0 # dummy
3189 0 # dummy
3190 0 # dummy
3191 0 # dummy
3192 0 # dummy
3193 0 # dummy
3194 0 # dummy
3195 0 # dummy
3196 0 # dummy
3197 0 # dummy
3198 0 # dummy
3199 0 # dummy
3200 0 # dummy
3201 0 # dummy
3202 0 # dummy
3203 0 # dummy
3204 0 # dummy
3205 0 # dummy
3206 0 # dummy
3207 0 # dummy
3208 0 # dummy
3209 0 # dummy
3210 0 # dummy
3211 0 # dummy
3212 0 # dummy
3213 0 # dummy
3214 0 # dummy
3215 0 # dummy
3216 0 # dummy
3217 0 # dummy
3218 0 # dummy
3219 0 # dummy
3220 0 # dummy
3221 0 # dummy
3222 0 # dummy
3223 0 # dummy
3224 0 # dummy
3225 0 # dummy
3226 0 # dummy
3227 0 # dummy
3228 0 # dummy
3229 0 # dummy
3230 0 # dummy
3231 0 # dummy
3232 0 # dummy
3233 0 # dummy
3234 0 # dummy
3235 0 # dummy
3236 0 # dummy
3237 0 # dummy
3238 0 # dummy
3239 0 # dummy
3240 0 # dummy
3241 0 # dummy
3242 0 # dummy
3243 0 # dummy
3244 0 # dummy
3245 0 # dummy
3246 0 # dummy
3247 0 # dummy
3248 0 # dummy
3249 0 # dummy
3250 0 # dummy
3251 0 # dummy
3252 0 # dummy
3253 0 # dummy
3254 0 # dummy
3255 0 # dummy
3256 0 # dummy
3257 0 # dummy
3258 0 # dummy
3259 0 # dummy
3260 0 # dummy
3261 0 # dummy
3262 0 # dummy
3263 0 # dummy
3264 0 # dummy
3265 0 # dummy
3266 0 # dummy
3267 0 # dummy
3268 0 # dummy
3269 0 # dummy
3270 0 # dummy
3271 0 # dummy
3272 0 # dummy
3273 0 # dummy
3274 0 # dummy
3275 0 # dummy
3276 0 # dummy
3277 0 # dummy
3278 0 # dummy
3279 0 # dummy
3280 0 # dummy
3281 0 # dummy
3282 0 # dummy
3283 0 # dummy
3284 0 # dummy
3285 0 # dummy
3286 0 # dummy
3287 0 # dummy
3288 0 # dummy
3289 0 # dummy
3290 0 # dummy
3291 0 # dummy
3292 0 # dummy
3293 0 # dummy
3294 0 # dummy
3295 0 # dummy
3296 0 # dummy
3297 0 # dummy
3298 0 # dummy
3299 0 # dummy
3300 0 # dummy
3301 0 # dummy
3302 0 # dummy
3303 0 # dummy
3304 0 # dummy
3305 0 # dummy
3306 0 # dummy
3307 0 # dummy
3308 0 # dummy
3309 0 # dummy
3310 0 # dummy
3311 0 # dummy
3312 0 # dummy
3313 0 # dummy
3314 0 # dummy
3315 0 # dummy
3316 0 # dummy
3317 0 # dummy
3318 0 # dummy
3319 0 # dummy
3320 0 # dummy
3321 0 # dummy
3322 0 # dummy
3323 0 # dummy
3324 0 # dummy
3325 0 # dummy
3326 0 # dummy
3327 0 # dummy
3328 0 # dummy
3329 0 # dummy
3330 0 # dummy
3331 0 # dummy
3332 0 # dummy
3333 0 # dummy
3334 0 # dummy
3335 0 # dummy
3336 0 # dummy
3337 0 # dummy
3338 0 # dummy
3339 0 # dummy
3340 0 # dummy
3341 0 # dummy
3342 0 # dummy
3343 0 # dummy
3344 0 # dummy
3345 0 # dummy
3346 0 # dummy
3347 0 # dummy
3348 0 # dummy
3349 0 # dummy
3350 0 # dummy
3351 0 # dummy
3352 0 # dummy
3353 0 # dummy
3354 0 # dummy
3355 0 # dummy
3356 0 # dummy
3357 0 # dummy
3358 0 # dummy
3359 0 # dummy
3360 0 # dummy
3361 0 # dummy
3362 0 # dummy
3363 0 # dummy
3364 0 # dummy
3365 0 # dummy
3366 0 # dummy
3367 0 # dummy
3368 0 # dummy
3369 0 # dummy
3370 0 # dummy
3371 0 # dummy
3372 0 # dummy
3373 0 # dummy
3374 0 # dummy
3375 0 # dummy
3376 0 # dummy
3377 0 # dummy
3378 0 # dummy
3379 0 # dummy
3380 0 # dummy
3381 0 # dummy
3382 0 # dummy
3383 0 # dummy
3384 0 # dummy
3385 0 # dummy
3386 0 # dummy
3387 0 # dummy
3388 0 # dummy
3389 0 # dummy
3390 0 # dummy
3391 0 # dummy
3392 0 # dummy
3393 0 # dummy
3394 0 # dummy
3395 0 # dummy
3396 0 # dummy
3397 0 # dummy
3398 0 # dummy
3399 0 # dummy
3400 0 # dummy
3401 0 # dummy
3402 0 # dummy
3403 0 # dummy
3404 0 # dummy
3405 0 # dummy
3406 0 # dummy
3407 0 # dummy
3408 0 # dummy
3409 0 # dummy
3410 0 # dummy
3411 0 # dummy
3412 0 # dummy
3413 0 # dummy
3414 0 # dummy
3415 0 # dummy
3416 0 # dummy
3417 0 # dummy
3418 0 # dummy
3419 0 # dummy
3420 0 # dummy
3421 0 # dummy
3422 0 # dummy
3423 0 # dummy
3424 0 # dummy
3425 0 # dummy
3426 0 # dummy
3427 0 # dummy
3428 0 # dummy
3429 0 # dummy
3430 0 # dummy
3431 0 # dummy
3432 0 # dummy
3433 0 # dummy
3434 0 # dummy
3435 0 # dummy
3436 0 # dummy
3437 0 # dummy
3438 0 # dummy
3439 0 # dummy
3440 0 # dummy
3441 0 # dummy
3442 0 # dummy
3443 0 # dummy
3444 0 # dummy
3445 0 # dummy
3446 0 # dummy
3447 0 # dummy
3448 0 # dummy
3449 0 # dummy
3450 0 # dummy
3451 0 # dummy
3452 0 # dummy
3453 0 # dummy
3454 0 # dummy
3455 0 # dummy
3456 0 # dummy
3457 0 # dummy
3458 0 # dummy
3459 0 # dummy
3460 0 # dummy
3461 0 # dummy
3462 0 # dummy
3463 0 # dummy
3464 0 # dummy
3465 0 # dummy
3466 0 # dummy
3467 0 # dummy
3468 0 # dummy
3469 0 # dummy
3470 0 # dummy
3471 0 # dummy
3472 0 # dummy
3473 0 # dummy
3474 0 # dummy
3475 0 # dummy
3476 0 # dummy
3477 0 # dummy
3478 0 # dummy
3479 0 # dummy
3480 0 # dummy
3481 0 # dummy
3482 0 # dummy
3483 0 # dummy
3484 0 # dummy
3485 0 # dummy
3486 0 # dummy
3487 0 # dummy
3488 0 # dummy
3489 0 # dummy
3490 0 # dummy
3491 0 # dummy
3492 0 # dummy
3493 0 # dummy
3494 0 # dummy
3495 0 # dummy
3496 0 # dummy
3497 0 # dummy
3498 0 # dummy
3499 0 # dummy
3500 0 # dummy
3501 0 # dummy
3502 0 # dummy
3503 0 # dummy
3504 0 # dummy
3505 0 # dummy
3506 0 # dummy
3507 0 # dummy
3508 0 # dummy
3509 0 # dummy
3510 0 # dummy
3511 0 # dummy
3512 0 # dummy
3513 0 # dummy
3514 0 # dummy
3515 0 # dummy
3516 0 # dummy
3517 0 # dummy
3518 0 # dummy
3519 0 # dummy
3520 0 # dummy
3521 0 # dummy
3522 0 # dummy
3523 0 # dummy
3524 0 # dummy
3525 0 # dummy
3526 0 # dummy
3527 0 # dummy
3528 0 # dummy
3529 0 # dummy
3530 0 # dummy
3531 0 # dummy
3532 0 # dummy
3533 0 # dummy
3534 0 # dummy
3535 0 # dummy
3536 0 # dummy
3537 0 # dummy
3538 0 # dummy
3539 0 # dummy
3540 0 # dummy
3541 0 # dummy
3542 0 # dummy
3543 0 # dummy
3544 0 # dummy
3545 0 # dummy
3546 0 # dummy
3547 0 # dummy
3548 0 # dummy
3549 0 # dummy
3550 0 # dummy
3551 0 # dummy
3552 0 # dummy
3553 0 # dummy
3554 0 # dummy
3555 0 # dummy
3556 0 # dummy
3557 0 # dummy
3558 0 # dummy
3559 0 # dummy
3560 0 # dummy
3561 0 # dummy
3562 0 # dummy
3563 0 # dummy
3564 0 # dummy
3565 0 # dummy
3566 0 # dummy
3567 0 # dummy
3568 0 # dummy
3569 0 # dummy
3570 0 # dummy
3571 0 # dummy
3572 0 # dummy
3573 0 # dummy
3574 0 # dummy
3575 0 # dummy
3576 0 # dummy
3577 0 # dummy
3578 0 # dummy
3579 0 # dummy
3580 0 # dummy
3581 0 # dummy
3582 0 # dummy
3583 0 # dummy
3584 0 # dummy
3585 0 # dummy
3586 0 # dummy
3587 0 # dummy
3588 0 # dummy
3589 0 # dummy
3590 0 # dummy
3591 0 # dummy
3592 0 # dummy
3593 0 # dummy
3594 0 # dummy
3595 0 # dummy
3596 0 # dummy
3597 0 # dummy
3598 0 # dummy
3599 0 # dummy
3600 0 # dummy
3601 0 # dummy
3602 0 # dummy
3603 0 # dummy
3604 0 # dummy
3605 0 # dummy
3606 0 # dummy
3607 0 # dummy
3608 0 # dummy
3609 0 # dummy
3610 0 # dummy
3611 0 # dummy
3612 0 # dummy
3613 0 # dummy
3614 0 # dummy
3615 0 # dummy
3616 0 # dummy
3617 0 # dummy
3618 0 # dummy
3619 0 # dummy
3620 0 # dummy
3621 0 # dummy
3622 0 # dummy
3623 0 # dummy
3624 0 # dummy
3625 0 # dummy
3626 0 # dummy
3627 0 # dummy
3628 0 # dummy
3629 0 # dummy
3630 0 # dummy
3631 0 # dummy
3632 0 # dummy
3633 0 # dummy
3634 0 # dummy
3635 0 # dummy
3636 0 # dummy
3637 0 # dummy
3638 0 # dummy
3639 0 # dummy
3640 0 # dummy
3641 0 # dummy
3642 0 # dummy
3643 0 # dummy
3644 0 # dummy
3645 0 # dummy
3646 0 # dummy
3647 0 # dummy
3648 0 # dummy
3649 0 # dummy
3650 0 # dummy
3651 0 # dummy
3652 0 # dummy
3653 0 # dummy
3654 0 # dummy
3655 0 # dummy
3656 0 # dummy
3657 0 # dummy
3658 0 # dummy
3659 0 # dummy
3660 0 # dummy
3661 0 # dummy
3662 0 # dummy
3663 0 # dummy
3664 0 # dummy
3665 0 # dummy
3666 0 # dummy
3667 0 # dummy
3668 0 # dummy
3669 0 # dummy
3670 0 # dummy
3671 0 # dummy
3672 0 # dummy
3673 0 # dummy
3674 0 # dummy
3675 0 # dummy
3676 0 # dummy
3677 0 # dummy
3678 0 # dummy
3679 0 # dummy
3680 0 # dummy
3681 0 # dummy
3682 0 # dummy
3683 0 # dummy
3684 0 # dummy
3685 0 # dummy
3686 0 # dummy
3687 0 # dummy
3688 0 # dummy
3689 0 # dummy
3690 0 # dummy
3691 0 # dummy
3692 0 # dummy
3693 0 # dummy
3694 0 # dummy
3695 0 # dummy
3696 0 # dummy
3697 0 # dummy
3698 0 # dummy
3699 0 # dummy
3700 0 # dummy
3701 0 # dummy
3702 0 # dummy
3703 0 # dummy
3704 0 # dummy
3705 0 # dummy
3706 0 # dummy
3707 0 # dummy
3708 0 # dummy
3709 0 # dummy
3710 0 # dummy
3711 0 # dummy
3712 0 # dummy
3713 0 # dummy
3714 0 # dummy
3715 0 # dummy
3716 0 # dummy
3717 0 # dummy
3718 0 # dummy
3719 0 # dummy
3720 0 # dummy
3721 0 # dummy
3722 0 # dummy
3723 0 # dummy
3724 0 # dummy
3725 0 # dummy
3726 0 # dummy
3727 0 # dummy
3728 0 # dummy
3729 0 # dummy
3730 0 # dummy
3731 0 # dummy
3732 0 # dummy
3733 0 # dummy
3734 0 # dummy
3735 0 # dummy
3736 0 # dummy
3737 0 # dummy
3738 0 # dummy
3739 0 # dummy
3740 0 # dummy
3741 0 # dummy
3742 0 # dummy
3743 0 # dummy
3744 0 # dummy
3745 0 # dummy
3746 0 # dummy
3747 0 # dummy
3748 0 # dummy
3749 0 # dummy
3750 0 # dummy
3751 0 # dummy
3752 0 # dummy
3753 0 # dummy
3754 0 # dummy
3755 0 # dummy
3756 0 # dummy
3757 0 # dummy
3758 0 # dummy
3759 0 # dummy
3760 0 # dummy
3761 0 # dummy
3762 0 # dummy
3763 0 # dummy
3764 0 # dummy
3765 0 # dummy
3766 0 # dummy
3767 0 # dummy
3768 0 # dummy
3769 0 # dummy
3770 0 # dummy
3771 0 # dummy
3772 0 # dummy
3773 0 # dummy
3774 0 # dummy
3775 0 # dummy
3776 0 # dummy
3777 0 # dummy
3778 0 # dummy
3779 0 # dummy
3780 0 # dummy
3781 0 # dummy
3782 0 # dummy
3783 0 # dummy
3784 0 # dummy
3785 0 # dummy
3786 0 # dummy
3787 0 # dummy
3788 0 # dummy
3789 0 # dummy
3790 0 # dummy
3791 0 # dummy
3792 0 # dummy
3793 0 # dummy
3794 0 # dummy
3795 0 # dummy
3796 0 # dummy
3797 0 # dummy
3798 0 # dummy
3799 0 # dummy
3800 0 # dummy
3801 0 # dummy
3802 0 # dummy
3803 0 # dummy
3804 0 # dummy
3805 0 # dummy
3806 0 # dummy
3807 0 # dummy
3808 0 # dummy
3809 0 # dummy
3810 0 # dummy
3811 0 # dummy
3812 0 # dummy
3813 0 # dummy
3814 0 # dummy
3815 0 # dummy
3816 0 # dummy
3817 0 # dummy
3818 0 # dummy
3819 0 # dummy
3820 0 # dummy
3821 0 # dummy
3822 0 # dummy
3823 0 # dummy
3824 0 # dummy
3825 0 # dummy
3826 0 # dummy
3827 0 # dummy
3828 0 # dummy
3829 0 # dummy
3830 0 # dummy
3831 0 # dummy
3832 0 # dummy
3833 0 # dummy
3834 0 # dummy
3835 0 # dummy
3836 0 # dummy
3837 0 # dummy
3838 0 # dummy
3839 0 # dummy
3840 0 # dummy
3841 0 # dummy
3842 0 # dummy
3843 0 # dummy
3844 0 # dummy
3845 0 # dummy
3846 0 # dummy
3847 0 # dummy
3848 0 # dummy
3849 0 # dummy
3850 0 # dummy
3851 0 # dummy
3852 0 # dummy
3853 0 # dummy
3854 0 # dummy
3855 0 # dummy
3856 0 # dummy
3857 0 # dummy
3858 0 # dummy
3859 0 # dummy
3860 0 # dummy
3861 0 # dummy
3862 0 # dummy
3863 0 # dummy
3864 0 # dummy
3865 0 # dummy
3866 0 # dummy
3867 0 # dummy
3868 0 # dummy
3869 0 # dummy
3870 0 # dummy
3871 0 # dummy
3872 0 # dummy
3873 0 # dummy
3874 0 # dummy
3875 0 # dummy
3876 0 # dummy
3877 0 # dummy
3878 0 # dummy
3879 0 # dummy
3880 0 # dummy
3881 0 # dummy
3882 0 # dummy
3883 0 # dummy
3884 0 # dummy
3885 0 # dummy
3886 0 # dummy
3887 0 # dummy
3888 0 # dummy
3889 0 # dummy
3890 0 # dummy
3891 0 # dummy
3892 0 # dummy
3893 0 # dummy
3894 0 # dummy
3895 0 # dummy
3896 0 # dummy
3897 0 # dummy
3898 0 # dummy
3899 0 # dummy
3900 0 # dummy
3901 0 # dummy
3902 0 # dummy
3903 0 # dummy
3904 0 # dummy
3905 0 # dummy
3906 0 # dummy
3907 0 # dummy
3908 0 # dummy
3909 0 # dummy
3910 0 # dummy
3911 0 # dummy
3912 0 # dummy
3913 0 # dummy
3914 0 # dummy
3915 0 # dummy
3916 0 # dummy
3917 0 # dummy
3918 0 # dummy
3919 0 # dummy
3920 0 # dummy
3921 0 # dummy
3922 0 # dummy
3923 0 # dummy
3924 0 # dummy
3925 0 # dummy
3926 0 # dummy
3927 0 # dummy
3928 0 # dummy
3929 0 # dummy
3930 0 # dummy
3931 0 # dummy
3932 0 # dummy
3933 0 # dummy
3934 0 # dummy
3935 0 # dummy
3936 0 # dummy
3937 0 # dummy
3938 0 # dummy
3939 0 # dummy
3940 0 # dummy
3941 0 # dummy
3942 0 # dummy
3943 0 # dummy
3944 0 # dummy
3945 0 # dummy
3946 0 # dummy
3947 0 # dummy
3948 0 # dummy
3949 0 # dummy
3950 0 # dummy
3951 0 # dummy
3952 0 # dummy
3953 0 # dummy
3954 0 # dummy
3955 0 # dummy
3956 0 # dummy
3957 0 # dummy
3958 0 # dummy
3959 0 # dummy
3960 0 # dummy
3961 0 # dummy
3962 0 # dummy
3963 0 # dummy
3964 0 # dummy
3965 0 # dummy
3966 0 # dummy
3967 0 # dummy
3968 0 # dummy
3969 0 # dummy
3970 0 # dummy
3971 0 # dummy
3972 0 # dummy
3973 0 # dummy
3974 0 # dummy
3975 0 # dummy
3976 0 # dummy
3977 0 # dummy
3978 0 # dummy
3979 0 # dummy
3980 0 # dummy
3981 0 # dummy
3982 0 # dummy
3983 0 # dummy
3984 0 # dummy
3985 0 # dummy
3986 0 # dummy
3987 0 # dummy
3988 0 # dummy
3989 0 # dummy
3990 0 # dummy
3991 0 # dummy
3992 0 # dummy
3993 0 # dummy
3994 0 # dummy
3995 0 # dummy
3996 0 # dummy
3997 0 # dummy
3998 0 # dummy
3999 0 # dummy
4000 0 # dummy
4001 0 # dummy
4002 0 # dummy
4003 0 # dummy
4004 0 # dummy
4005 0 # dummy
4006 0 # dummy
4007 0 # dummy
4008 0 # dummy
4009 0 # dummy
4010 0 # dummy
4011 0 # dummy
4012 0 # dummy
4013 0 # dummy
4014 0 # dummy
4015 0 # dummy
4016 0 # dummy
4017 0 # dummy
4018 0 # dummy
4019 0 # dummy
4020 0 # dummy
4021 0 # dummy
4022 0 # dummy
4023 0 # dummy
4024 0 # dummy
4025 0 # dummy
4026 0 # dummy
4027 0 # dummy
4028 0 # dummy
4029 0 # dummy
4030 0 # dummy
4031 0 # dummy
4032 0 # dummy
4033 0 # dummy
4034 0 # dummy
4035 0 # dummy
4036 0 # dummy
4037 0 # dummy
4038 0 # dummy
4039 0 # dummy
4040 0 # dummy
4041 0 # dummy
4042 0 # dummy
4043 0 # dummy
4044 0 # dummy
4045 0 # dummy
4046 0 # dummy
4047 0 # dummy
4048 0 # dummy
4049 0 # dummy
4050 0 # dummy
4051 0 # dummy
4052 0 # dummy
4053 0 # dummy
4054 0 # dummy
4055 0 # dummy
4056 0 # dummy
4057 0 # dummy
4058 0 # dummy
4059 0 # dummy
4060 0 # dummy
4061 0 # dummy
4062 0 # dummy
4063 0 # dummy
4064 0 # dummy
4065 0 # dummy
4066 0 # dummy
4067 0 # dummy
4068 0 # dummy
4069 0 # dummy
4070 0 # dummy
4071 0 # dummy
4072 0 # dummy
4073 0 # dummy
4074 0 # dummy
4075 0 # dummy
4076 0 # dummy
4077 0 # dummy
4078 0 # dummy
4079 0 # dummy
4080 0 # dummy
4081 0 # dummy
4082 0 # dummy
4083 0 # dummy
4084 0 # dummy
4085 0 # dummy
4086 0 # dummy
4087 0 # dummy
4088 0 # dummy
4089 0 # dummy
4090 0 # dummy
4091 0 # dummy
4092 0 # dummy
4093 0 # dummy
4094 0 # dummy
4095 0 # dummy
